1849.07.01_TheEra_0002	0.062254
1849.07.01_TheEra_0003	0.029009
1849.07.01_TheEra_0004	0.089594
1849.07.01_TheEra_0007	0.103208
1849.07.01_TheEra_0011	0.060629
1849.07.01_TheEra_0012	0.030828
1849.07.01_TheEra_0014	0.200236
1849.07.01_TheEra_0015	0.044091
1849.07.01_TheEra_0016	0.037508
1849.07.02_CaledonianMercury_0001	0.041202
1849.07.02_CaledonianMercury_0002	0.054248
1849.07.02_CaledonianMercury_0004	0.015638
1849.07.02_DailyNews_0003	0.018921
1849.07.02_DailyNews_0007	0.017635
1849.07.02_DailyNews_0008	0.013330
1849.07.02_Freeman'sJournal_0002	0.012643
1849.07.02_Freeman'sJournal_0003	0.012179
1849.07.02_Freeman'sJournal_0004	0.087936
1849.07.02_GlasgowHerald_0001	0.044603
1849.07.02_GlasgowHerald_0002	0.048819
1849.07.02_GlasgowHerald_0004	0.038149
1849.07.02_MorningChronicle_0001	0.017086
1849.07.02_MorningChronicle_0002	0.036715
1849.07.02_MorningChronicle_0003	0.046389
1849.07.02_MorningChronicle_0005	0.150744
1849.07.02_MorningChronicle_0007	0.144131
1849.07.02_MorningChronicle_0008	0.015370
1849.07.02_TheTimes_0003	0.028620
1849.07.02_TheTimes_0005	0.162275
1849.07.02_TheTimes_0006	0.048522
1849.07.02_TheTimes_0007	0.039237
1849.07.02_TheTimes_0008	0.084302
1849.07.03_BelfastNews-Letter_0001	0.077567
1849.07.03_BelfastNews-Letter_0002	0.030193
1849.07.03_BelfastNews-Letter_0003	0.071075
1849.07.03_BelfastNews-Letter_0004	0.083136
1849.07.03_DailyNews_0005	0.042756
1849.07.03_DailyNews_0006	0.122442
1849.07.03_DailyNews_0008	0.095499
1849.07.03_Freeman'sJournal_0001	0.183706
1849.07.03_Freeman'sJournal_0002	0.136083
1849.07.03_Freeman'sJournal_0003	0.087052
1849.07.03_LiverpoolMercury_0002	0.017946
1849.07.03_LiverpoolMercury_0003	0.100177
1849.07.03_LiverpoolMercury_0004	0.012996
1849.07.03_LiverpoolMercury_0005	0.043585
1849.07.03_LiverpoolMercury_0006	0.015824
1849.07.03_LiverpoolMercury_0007	0.045914
1849.07.03_LiverpoolMercury_0008	0.020469
1849.07.03_MorningChronicle_0002	0.032665
1849.07.03_MorningChronicle_0003	0.059371
1849.07.03_MorningChronicle_0006	0.087088
1849.07.03_MorningChronicle_0007	0.026168
1849.07.03_MorningChronicle_0008	0.012957
1849.07.03_NorthWalesChronicle_0001	0.054730
1849.07.03_NorthWalesChronicle_0002	0.022979
1849.07.03_NorthWalesChronicle_0003	0.015228
1849.07.03_NorthWalesChronicle_0004	0.116073
1849.07.03_TheTimes_0002	0.050702
1849.07.03_TheTimes_0005	0.016158
1849.07.03_TheTimes_0006	0.023498
1849.07.03_TheTimes_0007	0.093150
1849.07.03_TheTimes_0008	0.023386
1849.07.04_AberdeenJournal_0001	0.040435
1849.07.04_AberdeenJournal_0002	0.055752
1849.07.04_AberdeenJournal_0003	0.049341
1849.07.04_AberdeenJournal_0004	0.016196
1849.07.04_AberdeenJournal_0005	0.016359
1849.07.04_AberdeenJournal_0006	0.117837
1849.07.04_AberdeenJournal_0007	0.041160
1849.07.04_DailyNews_0004	0.043690
1849.07.04_DailyNews_0005	0.015700
1849.07.04_DailyNews_0007	0.047682
1849.07.04_DerbyMercury_0001	0.036403
1849.07.04_DerbyMercury_0002	0.013524
1849.07.04_DerbyMercury_0003	0.015409
1849.07.04_DerbyMercury_0004	0.060905
1849.07.04_Freeman'sJournal_0001	0.204725
1849.07.04_Freeman'sJournal_0002	0.049902
1849.07.04_Freeman'sJournal_0003	0.062296
1849.07.04_Freeman'sJournal_0004	0.285555
1849.07.04_ManchesterTimes_0001	0.016029
1849.07.04_ManchesterTimes_0002	0.089338
1849.07.04_ManchesterTimes_0003	0.105148
1849.07.04_ManchesterTimes_0005	0.031616
1849.07.04_ManchesterTimes_0007	0.048724
1849.07.04_ManchesterTimes_0008	0.112588
1849.07.04_MorningChronicle_0002	0.036019
1849.07.04_MorningChronicle_0004	0.025679
1849.07.04_MorningChronicle_0005	0.023661
1849.07.04_MorningChronicle_0007	0.055564
1849.07.04_MorningChronicle_0008	0.034200
1849.07.04_TheTimes_0002	0.022941
1849.07.04_TheTimes_0003	0.025031
1849.07.04_TheTimes_0004	0.030846
1849.07.04_TheTimes_0005	0.060517
1849.07.04_TheTimes_0006	0.060788
1849.07.04_TheTimes_0007	0.109648
1849.07.04_TheTimes_0008	0.025299
1849.07.05_CaledonianMercury_0001	0.114930
1849.07.05_CaledonianMercury_0002	0.067930
1849.07.05_CaledonianMercury_0003	0.113343
1849.07.05_CaledonianMercury_0004	0.076388
1849.07.05_DailyNews_0001	0.044641
1849.07.05_DailyNews_0002	0.027778
1849.07.05_DailyNews_0003	0.017187
1849.07.05_DailyNews_0004	0.066043
1849.07.05_DailyNews_0007	0.055756
1849.07.05_DailyNews_0008	0.092719
1849.07.05_Freeman'sJournal_0001	0.253803
1849.07.05_Freeman'sJournal_0002	0.050781
1849.07.05_Freeman'sJournal_0003	0.154726
1849.07.05_Freeman'sJournal_0004	0.147554
1849.07.05_MorningChronicle_0001	0.029241
1849.07.05_MorningChronicle_0003	0.064658
1849.07.05_MorningChronicle_0006	0.030705
1849.07.05_TheTimes_0003	0.036877
1849.07.05_TheTimes_0005	0.020871
1849.07.05_TheTimes_0007	0.156863
1849.07.05_TheTimes_0008	0.194239
1849.07.05_Trewman'sExeterFlyingPost_0001	0.083700
1849.07.05_Trewman'sExeterFlyingPost_0002	0.179763
1849.07.05_Trewman'sExeterFlyingPost_0003	0.063816
1849.07.05_Trewman'sExeterFlyingPost_0004	0.071822
1849.07.05_Trewman'sExeterFlyingPost_0005	0.056613
1849.07.05_Trewman'sExeterFlyingPost_0006	0.053099
1849.07.05_Trewman'sExeterFlyingPost_0007	0.071400
1849.07.06_BelfastNews-Letter_0003	0.092900
1849.07.06_BelfastNews-Letter_0004	0.060866
1849.07.06_DailyNews_0001	0.156787
1849.07.06_DailyNews_0002	0.021761
1849.07.06_DailyNews_0003	0.041049
1849.07.06_DailyNews_0004	0.044669
1849.07.06_DailyNews_0005	0.027711
1849.07.06_DailyNews_0006	0.019739
1849.07.06_DailyNews_0007	0.035816
1849.07.06_DailyNews_0008	0.130700
1849.07.06_Freeman'sJournal_0001	0.193094
1849.07.06_Freeman'sJournal_0002	0.064907
1849.07.06_Freeman'sJournal_0003	0.297388
1849.07.06_GlasgowHerald_0001	0.116009
1849.07.06_GlasgowHerald_0002	0.045015
1849.07.06_GlasgowHerald_0003	0.081889
1849.07.06_GlasgowHerald_0004	0.032052
1849.07.06_HullPacket_0001	0.030586
1849.07.06_HullPacket_0002	0.089543
1849.07.06_HullPacket_0003	0.092552
1849.07.06_HullPacket_0004	0.021195
1849.07.06_HullPacket_0006	0.081769
1849.07.06_HullPacket_0007	0.032395
1849.07.06_HullPacket_0008	0.070370
1849.07.06_LiverpoolMercury_0002	0.087748
1849.07.06_LiverpoolMercury_0003	0.134942
1849.07.06_LiverpoolMercury_0006	0.039482
1849.07.06_LiverpoolMercury_0007	0.044865
1849.07.06_LiverpoolMercury_0008	0.015635
1849.07.06_MorningChronicle_0001	0.020178
1849.07.06_MorningChronicle_0002	0.081573
1849.07.06_MorningChronicle_0003	0.063319
1849.07.06_MorningChronicle_0004	0.019259
1849.07.06_MorningChronicle_0005	0.030711
1849.07.06_MorningChronicle_0006	0.024585
1849.07.06_MorningChronicle_0007	0.380728
1849.07.06_MorningChronicle_0008	0.073861
1849.07.06_NewcastleCourant_0002	0.073596
1849.07.06_NewcastleCourant_0003	0.059152
1849.07.06_NewcastleCourant_0004	0.040657
1849.07.06_NewcastleCourant_0005	0.078833
1849.07.06_NewcastleCourant_0006	0.035054
1849.07.06_NewcastleCourant_0007	0.013562
1849.07.06_NewcastleCourant_0008	0.120372
1849.07.06_TheTimes_0003	0.062830
1849.07.06_TheTimes_0004	0.035702
1849.07.06_TheTimes_0005	0.165349
1849.07.06_TheTimes_0006	0.036703
1849.07.06_TheTimes_0007	0.566872
1849.07.06_TheTimes_0008	0.065439
1849.07.07_BristolMercury_0001	0.020381
1849.07.07_BristolMercury_0002	0.133948
1849.07.07_BristolMercury_0003	0.016769
1849.07.07_BristolMercury_0004	0.054516
1849.07.07_BristolMercury_0006	0.036742
1849.07.07_BristolMercury_0007	0.079921
1849.07.07_BristolMercury_0008	0.021294
1849.07.07_DailyNews_0001	0.080780
1849.07.07_DailyNews_0003	0.008398
1849.07.07_DailyNews_0007	0.071670
1849.07.07_DailyNews_0008	0.052385
1849.07.07_Examiner_0001	0.148738
1849.07.07_Examiner_0003	0.273577
1849.07.07_Examiner_0004	0.151114
1849.07.07_Examiner_0006	0.064700
1849.07.07_Examiner_0007	0.121811
1849.07.07_Examiner_0008	0.423438
1849.07.07_Examiner_0009	0.260150
1849.07.07_Examiner_0010	0.212008
1849.07.07_Examiner_0011	0.218516
1849.07.07_Examiner_0012	0.319190
1849.07.07_Examiner_0013	0.228270
1849.07.07_Examiner_0014	0.078919
1849.07.07_Examiner_0015	0.094344
1849.07.07_Examiner_0016	0.038571
1849.07.07_Freeman'sJournal_0001	0.314588
1849.07.07_Freeman'sJournal_0002	0.193603
1849.07.07_Freeman'sJournal_0003	0.208021
1849.07.07_HampshirePortsmouthTelegraph_0001	0.043100
1849.07.07_HampshirePortsmouthTelegraph_0002	0.121945
1849.07.07_HampshirePortsmouthTelegraph_0003	0.014553
1849.07.07_HampshirePortsmouthTelegraph_0004	0.071280
1849.07.07_HampshirePortsmouthTelegraph_0005	0.018322
1849.07.07_HampshirePortsmouthTelegraph_0006	0.033991
1849.07.07_HampshirePortsmouthTelegraph_0007	0.024877
1849.07.07_HampshirePortsmouthTelegraph_0008	0.128892
1849.07.07_IpswichJournal_0001	0.205302
1849.07.07_IpswichJournal_0002	0.019920
1849.07.07_IpswichJournal_0003	0.029007
1849.07.07_IpswichJournal_0004	0.022831
1849.07.07_Jackson'sOxfordJournal_0001	0.096121
1849.07.07_Jackson'sOxfordJournal_0002	0.020454
1849.07.07_Jackson'sOxfordJournal_0003	0.033336
1849.07.07_Jackson'sOxfordJournal_0004	0.129114
1849.07.07_LeedsMercury_0001	0.038408
1849.07.07_LeedsMercury_0003	0.039315
1849.07.07_LeedsMercury_0004	0.029129
1849.07.07_LeedsMercury_0005	0.041422
1849.07.07_LeedsMercury_0006	0.047513
1849.07.07_LeedsMercury_0007	0.105764
1849.07.07_LeedsMercury_0008	0.047894
1849.07.07_ManchesterTimes_0001	0.023960
1849.07.07_ManchesterTimes_0002	0.040068
1849.07.07_ManchesterTimes_0003	0.091755
1849.07.07_ManchesterTimes_0004	0.022569
1849.07.07_ManchesterTimes_0005	0.013537
1849.07.07_ManchesterTimes_0006	0.049716
1849.07.07_ManchesterTimes_0007	0.045791
1849.07.07_ManchesterTimes_0008	0.048012
1849.07.07_MorningChronicle_0002	0.043618
1849.07.07_MorningChronicle_0006	0.037635
1849.07.07_MorningChronicle_0007	0.025500
1849.07.07_MorningChronicle_0008	0.056044
1849.07.07_NorthernStar_0001	0.087043
1849.07.07_NorthernStar_0002	0.124926
1849.07.07_NorthernStar_0003	0.056521
1849.07.07_NorthernStar_0004	0.039847
1849.07.07_NorthernStar_0005	0.127818
1849.07.07_NorthernStar_0006	0.101492
1849.07.07_NorthernStar_0007	0.026599
1849.07.07_NorthernStar_0008	0.274430
1849.07.07_NorthernStar_0009	0.593384
1849.07.07_NorthernStar_0010	0.663988
1849.07.07_NorthernStar_0011	0.675820
1849.07.07_NorthernStar_0012	0.825382
1849.07.07_NorthernStar_0013	0.857751
1849.07.07_NorthernStar_0014	0.754742
1849.07.07_NorthernStar_0015	0.732990
1849.07.07_NorthernStar_0016	0.799384
1849.07.07_NorthernStar_0017	0.897526
1849.07.07_NorthernStar_0018	0.869015
1849.07.07_NorthernStar_0019	0.917499
1849.07.07_NorthernStar_0020	0.874012
1849.07.07_NorthernStar_0021	0.874354
1849.07.07_NorthernStar_0022	0.898685
1849.07.07_NorthernStar_0023	0.954375
1849.07.07_NorthernStar_0024	0.861272
1849.07.07_PrestonChronicle_0001	0.081413
1849.07.07_PrestonChronicle_0002	0.284539
1849.07.07_PrestonChronicle_0003	0.048090
1849.07.07_PrestonChronicle_0004	0.018027
1849.07.07_PrestonChronicle_0005	0.033914
1849.07.07_PrestonChronicle_0006	0.021883
1849.07.07_PrestonChronicle_0007	0.052155
1849.07.07_PrestonChronicle_0008	0.047465
1849.07.07_TheTimes_0001	0.017358
1849.07.07_TheTimes_0003	0.074027
1849.07.07_TheTimes_0005	0.091629
1849.07.07_TheTimes_0006	0.034948
1849.07.07_TheTimes_0007	0.274263
1849.07.07_TheTimes_0008	0.077944
1849.07.08_Lloyd'sIllustratedNewspaper_0001	0.129015
1849.07.08_Lloyd'sIllustratedNewspaper_0002	0.336877
1849.07.08_Lloyd'sIllustratedNewspaper_0003	0.212986
1849.07.08_Lloyd'sIllustratedNewspaper_0004	0.167138
1849.07.08_Lloyd'sIllustratedNewspaper_0005	0.212207
1849.07.08_Lloyd'sIllustratedNewspaper_0006	0.093100
1849.07.08_Lloyd'sIllustratedNewspaper_0007	0.071945
1849.07.08_Lloyd'sIllustratedNewspaper_0008	0.020879
1849.07.08_Lloyd'sIllustratedNewspaper_0009	0.278047
1849.07.08_Lloyd'sIllustratedNewspaper_0010	0.063729
1849.07.08_Lloyd'sIllustratedNewspaper_0011	0.031485
1849.07.08_Lloyd'sIllustratedNewspaper_0012	0.226208
1849.07.08_TheEra_0001	0.157685
1849.07.08_TheEra_0002	0.297187
1849.07.08_TheEra_0004	0.121198
1849.07.08_TheEra_0005	0.112129
1849.07.08_TheEra_0007	0.153023
1849.07.08_TheEra_0008	0.097177
1849.07.08_TheEra_0009	0.048622
1849.07.08_TheEra_0010	0.353099
1849.07.08_TheEra_0011	0.068247
1849.07.08_TheEra_0012	0.051270
1849.07.08_TheEra_0013	0.075262
1849.07.08_TheEra_0014	0.255853
1849.07.08_TheEra_0015	0.289834
1849.07.08_TheEra_0016	0.166377
1849.07.09_CaledonianMercury_0001	0.200794
1849.07.09_CaledonianMercury_0002	0.111800
1849.07.09_CaledonianMercury_0003	0.018117
1849.07.09_CaledonianMercury_0004	0.081055
1849.07.09_DailyNews_0001	0.106431
1849.07.09_DailyNews_0002	0.013838
1849.07.09_DailyNews_0003	0.027223
1849.07.09_DailyNews_0004	0.017686
1849.07.09_DailyNews_0005	0.020393
1849.07.09_DailyNews_0006	0.130458
1849.07.09_DailyNews_0007	0.071059
1849.07.09_DailyNews_0008	0.093087
1849.07.09_Freeman'sJournal_0001	0.194610
1849.07.09_Freeman'sJournal_0002	0.059921
1849.07.09_Freeman'sJournal_0003	0.051814
1849.07.09_Freeman'sJournal_0004	0.180000
1849.07.09_GlasgowHerald_0001	0.109503
1849.07.09_GlasgowHerald_0002	0.076285
1849.07.09_GlasgowHerald_0003	0.145463
1849.07.09_GlasgowHerald_0004	0.085275
1849.07.09_MorningChronicle_0002	0.034393
1849.07.09_MorningChronicle_0003	0.035897
1849.07.09_MorningChronicle_0004	0.014984
1849.07.09_MorningChronicle_0005	0.026794
1849.07.09_MorningChronicle_0007	0.100137
1849.07.09_TheTimes_0004	0.036398
1849.07.09_TheTimes_0005	0.077453
1849.07.09_TheTimes_0006	0.029102
1849.07.09_TheTimes_0007	0.245967
1849.07.09_TheTimes_0008	0.227766
1849.07.10_BelfastNews-Letter_0002	0.109785
1849.07.10_BelfastNews-Letter_0003	0.344828
1849.07.10_DailyNews_0001	0.067275
1849.07.10_DailyNews_0002	0.161638
1849.07.10_DailyNews_0004	0.080211
1849.07.10_DailyNews_0005	0.050409
1849.07.10_DailyNews_0006	0.022146
1849.07.10_DailyNews_0007	0.032432
1849.07.10_DailyNews_0008	0.141681
1849.07.10_Freeman'sJournal_0001	0.351630
1849.07.10_Freeman'sJournal_0002	0.108282
1849.07.10_Freeman'sJournal_0003	0.044911
1849.07.10_Freeman'sJournal_0004	0.018007
1849.07.10_LiverpoolMercury_0001	0.034612
1849.07.10_LiverpoolMercury_0002	0.154782
1849.07.10_LiverpoolMercury_0003	0.078129
1849.07.10_LiverpoolMercury_0004	0.046999
1849.07.10_LiverpoolMercury_0005	0.074634
1849.07.10_LiverpoolMercury_0006	0.024156
1849.07.10_LiverpoolMercury_0007	0.317228
1849.07.10_LiverpoolMercury_0008	0.030685
1849.07.10_MorningChronicle_0003	0.012830
1849.07.10_MorningChronicle_0005	0.041920
1849.07.10_MorningChronicle_0006	0.014305
1849.07.10_MorningChronicle_0007	0.051952
1849.07.10_NorthWalesChronicle_0001	0.409666
1849.07.10_NorthWalesChronicle_0002	0.055627
1849.07.10_NorthWalesChronicle_0003	0.060433
1849.07.10_NorthWalesChronicle_0004	0.187737
1849.07.10_TheTimes_0003	0.028276
1849.07.10_TheTimes_0006	0.028642
1849.07.10_TheTimes_0008	0.133488
1849.07.11_AberdeenJournal_0001	0.161758
1849.07.11_AberdeenJournal_0002	0.208018
1849.07.11_AberdeenJournal_0003	0.062677
1849.07.11_AberdeenJournal_0005	0.038119
1849.07.11_AberdeenJournal_0006	0.170353
1849.07.11_AberdeenJournal_0007	0.114018
1849.07.11_AberdeenJournal_0008	0.047394
1849.07.11_DailyNews_0001	0.189610
1849.07.11_DailyNews_0006	0.019462
1849.07.11_DailyNews_0007	0.111720
1849.07.11_DailyNews_0008	0.039076
1849.07.11_DerbyMercury_0001	0.118402
1849.07.11_DerbyMercury_0002	0.211675
1849.07.11_DerbyMercury_0003	0.022404
1849.07.11_DerbyMercury_0004	0.129310
1849.07.11_Freeman'sJournal_0001	0.279870
1849.07.11_Freeman'sJournal_0003	0.052808
1849.07.11_Freeman'sJournal_0004	0.595603
1849.07.11_ManchesterTimes_0002	0.160396
1849.07.11_ManchesterTimes_0003	0.154399
1849.07.11_ManchesterTimes_0004	0.038866
1849.07.11_ManchesterTimes_0005	0.061578
1849.07.11_ManchesterTimes_0006	0.024211
1849.07.11_ManchesterTimes_0007	0.031745
1849.07.11_ManchesterTimes_0008	0.064821
1849.07.11_MorningChronicle_0001	0.016328
1849.07.11_MorningChronicle_0004	0.016714
1849.07.11_MorningChronicle_0005	0.031261
1849.07.11_MorningChronicle_0007	0.053988
1849.07.11_MorningChronicle_0008	0.027590
1849.07.11_TheTimes_0002	0.017973
1849.07.11_TheTimes_0005	0.030044
1849.07.11_TheTimes_0006	0.118226
1849.07.11_TheTimes_0007	0.039920
1849.07.11_TheTimes_0008	0.159390
1849.07.12_CaledonianMercury_0001	0.223681
1849.07.12_CaledonianMercury_0002	0.089116
1849.07.12_CaledonianMercury_0003	0.042665
1849.07.12_CaledonianMercury_0004	0.125763
1849.07.12_DailyNews_0001	0.093147
1849.07.12_DailyNews_0002	0.036473
1849.07.12_DailyNews_0003	0.016428
1849.07.12_DailyNews_0004	0.033996
1849.07.12_DailyNews_0006	0.106510
1849.07.12_DailyNews_0007	0.044532
1849.07.12_DailyNews_0008	0.112705
1849.07.12_Freeman'sJournal_0002	0.048241
1849.07.12_Freeman'sJournal_0003	0.139037
1849.07.12_Freeman'sJournal_0004	0.516712
1849.07.12_MorningChronicle_0001	0.053190
1849.07.12_MorningChronicle_0003	0.056115
1849.07.12_MorningChronicle_0006	0.015499
1849.07.12_MorningChronicle_0008	0.023566
1849.07.12_TheTimes_0005	0.116514
1849.07.12_TheTimes_0006	0.054837
1849.07.12_TheTimes_0007	0.065699
1849.07.12_TheTimes_0008	0.092236
1849.07.12_TheTimes_0012	0.020373
1849.07.12_Trewman'sExeterFlyingPost_0001	0.339682
1849.07.12_Trewman'sExeterFlyingPost_0002	0.130559
1849.07.12_Trewman'sExeterFlyingPost_0003	0.136427
1849.07.12_Trewman'sExeterFlyingPost_0004	0.139472
1849.07.12_Trewman'sExeterFlyingPost_0005	0.072939
1849.07.12_Trewman'sExeterFlyingPost_0006	0.114468
1849.07.12_Trewman'sExeterFlyingPost_0007	0.237868
1849.07.12_Trewman'sExeterFlyingPost_0008	0.021299
1849.07.13_BelfastNews-Letter_0001	0.021095
1849.07.13_BelfastNews-Letter_0003	0.269084
1849.07.13_BelfastNews-Letter_0004	0.092444
1849.07.13_DailyNews_0001	0.134527
1849.07.13_DailyNews_0003	0.011825
1849.07.13_DailyNews_0006	0.028765
1849.07.13_DailyNews_0007	0.025542
1849.07.13_DailyNews_0008	0.114925
1849.07.13_Freeman'sJournal_0001	0.182447
1849.07.13_Freeman'sJournal_0002	0.102518
1849.07.13_Freeman'sJournal_0003	0.172514
1849.07.13_Freeman'sJournal_0004	0.070662
1849.07.13_GlasgowHerald_0001	0.087027
1849.07.13_GlasgowHerald_0002	0.041021
1849.07.13_GlasgowHerald_0003	0.227011
1849.07.13_GlasgowHerald_0004	0.040352
1849.07.13_HullPacket_0001	0.303265
1849.07.13_HullPacket_0002	0.408244
1849.07.13_HullPacket_0003	0.114052
1849.07.13_HullPacket_0004	0.050674
1849.07.13_HullPacket_0005	0.108355
1849.07.13_HullPacket_0006	0.062676
1849.07.13_HullPacket_0007	0.193279
1849.07.13_HullPacket_0008	0.206276
1849.07.13_LiverpoolMercury_0001	0.059491
1849.07.13_LiverpoolMercury_0002	0.082408
1849.07.13_LiverpoolMercury_0003	0.044523
1849.07.13_LiverpoolMercury_0004	0.092425
1849.07.13_LiverpoolMercury_0005	0.038671
1849.07.13_LiverpoolMercury_0007	0.053521
1849.07.13_LiverpoolMercury_0008	0.021960
1849.07.13_MorningChronicle_0002	0.047626
1849.07.13_MorningChronicle_0005	0.022909
1849.07.13_MorningChronicle_0007	0.181721
1849.07.13_NewcastleCourant_0001	0.164574
1849.07.13_NewcastleCourant_0002	0.085369
1849.07.13_NewcastleCourant_0003	0.107918
1849.07.13_NewcastleCourant_0004	0.087950
1849.07.13_NewcastleCourant_0005	0.260297
1849.07.13_NewcastleCourant_0006	0.158523
1849.07.13_NewcastleCourant_0007	0.043933
1849.07.13_NewcastleCourant_0008	0.092439
1849.07.13_TheTimes_0002	0.038844
1849.07.13_TheTimes_0005	0.053140
1849.07.13_TheTimes_0006	0.030366
1849.07.13_TheTimes_0007	0.113623
1849.07.13_TheTimes_0008	0.025672
1849.07.14_BristolMercury_0002	0.133402
1849.07.14_BristolMercury_0003	0.081418
1849.07.14_BristolMercury_0004	0.041095
1849.07.14_BristolMercury_0006	0.048670
1849.07.14_BristolMercury_0007	0.076799
1849.07.14_DailyNews_0001	0.199722
1849.07.14_DailyNews_0004	0.050668
1849.07.14_DailyNews_0006	0.057316
1849.07.14_DailyNews_0007	0.105179
1849.07.14_DailyNews_0008	0.071573
1849.07.14_Examiner_0002	0.055538
1849.07.14_Examiner_0007	0.138086
1849.07.14_Examiner_0008	0.416325
1849.07.14_Examiner_0009	0.374363
1849.07.14_Examiner_0010	0.345099
1849.07.14_Examiner_0011	0.133217
1849.07.14_Examiner_0012	0.333269
1849.07.14_Examiner_0013	0.208506
1849.07.14_Examiner_0014	0.241970
1849.07.14_Examiner_0015	0.286132
1849.07.14_Examiner_0016	0.100929
1849.07.14_Freeman'sJournal_0002	0.021321
1849.07.14_Freeman'sJournal_0003	0.035668
1849.07.14_Freeman'sJournal_0004	0.038403
1849.07.14_HampshirePortsmouthTelegraph_0001	0.211018
1849.07.14_HampshirePortsmouthTelegraph_0002	0.091989
1849.07.14_HampshirePortsmouthTelegraph_0003	0.053691
1849.07.14_HampshirePortsmouthTelegraph_0004	0.036522
1849.07.14_HampshirePortsmouthTelegraph_0005	0.026909
1849.07.14_HampshirePortsmouthTelegraph_0006	0.121164
1849.07.14_HampshirePortsmouthTelegraph_0007	0.088970
1849.07.14_HampshirePortsmouthTelegraph_0008	0.066589
1849.07.14_IpswichJournal_0001	0.126695
1849.07.14_IpswichJournal_0002	0.141806
1849.07.14_IpswichJournal_0003	0.044283
1849.07.14_IpswichJournal_0004	0.090656
1849.07.14_Jackson'sOxfordJournal_0001	0.124169
1849.07.14_Jackson'sOxfordJournal_0002	0.044035
1849.07.14_Jackson'sOxfordJournal_0003	0.036926
1849.07.14_Jackson'sOxfordJournal_0004	0.122851
1849.07.14_LeedsMercury_0001	0.124205
1849.07.14_LeedsMercury_0002	0.060133
1849.07.14_LeedsMercury_0003	0.069564
1849.07.14_LeedsMercury_0004	0.061374
1849.07.14_LeedsMercury_0005	0.042363
1849.07.14_LeedsMercury_0006	0.083004
1849.07.14_LeedsMercury_0007	0.115131
1849.07.14_LeedsMercury_0008	0.059421
1849.07.14_ManchesterTimes_0001	0.076641
1849.07.14_ManchesterTimes_0002	0.059352
1849.07.14_ManchesterTimes_0003	0.037294
1849.07.14_ManchesterTimes_0005	0.013432
1849.07.14_ManchesterTimes_0006	0.016675
1849.07.14_ManchesterTimes_0007	0.031141
1849.07.14_ManchesterTimes_0008	0.103427
1849.07.14_MorningChronicle_0001	0.028900
1849.07.14_MorningChronicle_0002	0.047387
1849.07.14_MorningChronicle_0005	0.027099
1849.07.14_MorningChronicle_0006	0.065136
1849.07.14_MorningChronicle_0007	0.060742
1849.07.14_NorthernStar_0001	0.046894
1849.07.14_NorthernStar_0002	0.204159
1849.07.14_NorthernStar_0003	0.067240
1849.07.14_NorthernStar_0004	0.101599
1849.07.14_NorthernStar_0005	0.113395
1849.07.14_NorthernStar_0006	0.163491
1849.07.14_NorthernStar_0007	0.139654
1849.07.14_NorthernStar_0008	0.067190
1849.07.14_NorthernStar_0009	0.851810
1849.07.14_NorthernStar_0010	0.823007
1849.07.14_NorthernStar_0011	0.776158
1849.07.14_NorthernStar_0012	0.841372
1849.07.14_NorthernStar_0013	0.857352
1849.07.14_NorthernStar_0014	0.826286
1849.07.14_NorthernStar_0015	0.908368
1849.07.14_NorthernStar_0016	0.804641
1849.07.14_NorthernStar_0017	0.860254
1849.07.14_NorthernStar_0018	0.946448
1849.07.14_NorthernStar_0019	0.713366
1849.07.14_NorthernStar_0020	0.812800
1849.07.14_NorthernStar_0021	0.933557
1849.07.14_NorthernStar_0022	0.665859
1849.07.14_NorthernStar_0023	0.777240
1849.07.14_NorthernStar_0024	0.826845
1849.07.14_PrestonChronicle_0001	0.364446
1849.07.14_PrestonChronicle_0002	0.185432
1849.07.14_PrestonChronicle_0003	0.058909
1849.07.14_PrestonChronicle_0004	0.036734
1849.07.14_PrestonChronicle_0005	0.074780
1849.07.14_PrestonChronicle_0006	0.013129
1849.07.14_PrestonChronicle_0007	0.087604
1849.07.14_PrestonChronicle_0008	0.194189
1849.07.14_TheTimes_0002	0.018017
1849.07.14_TheTimes_0004	0.042137
1849.07.14_TheTimes_0005	0.418143
1849.07.14_TheTimes_0006	0.044985
1849.07.14_TheTimes_0007	0.047334
1849.07.14_TheTimes_0008	0.028764
1849.07.15_Lloyd'sIllustratedNewspaper_0001	0.397532
1849.07.15_Lloyd'sIllustratedNewspaper_0002	0.300408
1849.07.15_Lloyd'sIllustratedNewspaper_0003	0.173291
1849.07.15_Lloyd'sIllustratedNewspaper_0004	0.275034
1849.07.15_Lloyd'sIllustratedNewspaper_0005	0.181133
1849.07.15_Lloyd'sIllustratedNewspaper_0006	0.194261
1849.07.15_Lloyd'sIllustratedNewspaper_0007	0.145684
1849.07.15_Lloyd'sIllustratedNewspaper_0008	0.076950
1849.07.15_Lloyd'sIllustratedNewspaper_0009	0.176289
1849.07.15_Lloyd'sIllustratedNewspaper_0010	0.123126
1849.07.15_Lloyd'sIllustratedNewspaper_0011	0.223331
1849.07.15_Lloyd'sIllustratedNewspaper_0012	0.109821
1849.07.15_TheEra_0001	0.215931
1849.07.15_TheEra_0002	0.129014
1849.07.15_TheEra_0003	0.059889
1849.07.15_TheEra_0004	0.124721
1849.07.15_TheEra_0005	0.071875
1849.07.15_TheEra_0006	0.230421
1849.07.15_TheEra_0007	0.223865
1849.07.15_TheEra_0008	0.061791
1849.07.15_TheEra_0009	0.061648
1849.07.15_TheEra_0011	0.063454
1849.07.15_TheEra_0012	0.120073
1849.07.15_TheEra_0013	0.146163
1849.07.15_TheEra_0014	0.251701
1849.07.15_TheEra_0015	0.273258
1849.07.15_TheEra_0016	0.252967
1849.07.16_CaledonianMercury_0001	0.224088
1849.07.16_CaledonianMercury_0002	0.124275
1849.07.16_CaledonianMercury_0003	0.046067
1849.07.16_CaledonianMercury_0004	0.115003
1849.07.16_DailyNews_0001	0.160327
1849.07.16_DailyNews_0002	0.018310
1849.07.16_DailyNews_0003	0.038034
1849.07.16_DailyNews_0005	0.035231
1849.07.16_DailyNews_0006	0.189889
1849.07.16_DailyNews_0007	0.093556
1849.07.16_Freeman'sJournal_0001	0.286857
1849.07.16_Freeman'sJournal_0003	0.059837
1849.07.16_Freeman'sJournal_0004	0.270705
1849.07.16_GlasgowHerald_0001	0.076452
1849.07.16_GlasgowHerald_0002	0.061011
1849.07.16_GlasgowHerald_0003	0.161937
1849.07.16_GlasgowHerald_0004	0.065151
1849.07.16_MorningChronicle_0001	0.017258
1849.07.16_MorningChronicle_0002	0.079795
1849.07.16_MorningChronicle_0003	0.041115
1849.07.16_MorningChronicle_0005	0.026255
1849.07.16_MorningChronicle_0006	0.022646
1849.07.16_MorningChronicle_0007	0.025395
1849.07.16_MorningChronicle_0008	0.042939
1849.07.16_TheTimes_0003	0.052815
1849.07.16_TheTimes_0004	0.047386
1849.07.16_TheTimes_0006	0.042958
1849.07.16_TheTimes_0007	0.027979
1849.07.16_TheTimes_0008	0.280980
1849.07.16_TheTimes_0016	0.021687
1849.07.17_BelfastNews-Letter_0001	0.044609
1849.07.17_BelfastNews-Letter_0002	0.118917
1849.07.17_BelfastNews-Letter_0003	0.401361
1849.07.17_BelfastNews-Letter_0004	0.137541
1849.07.17_DailyNews_0001	0.038723
1849.07.17_DailyNews_0007	0.067460
1849.07.17_DailyNews_0008	0.162359
1849.07.17_Freeman'sJournal_0002	0.091841
1849.07.17_Freeman'sJournal_0004	0.041882
1849.07.17_LiverpoolMercury_0001	0.086082
1849.07.17_LiverpoolMercury_0002	0.081868
1849.07.17_LiverpoolMercury_0003	0.130810
1849.07.17_LiverpoolMercury_0004	0.055824
1849.07.17_LiverpoolMercury_0005	0.022069
1849.07.17_LiverpoolMercury_0006	0.024483
1849.07.17_LiverpoolMercury_0007	0.369131
1849.07.17_MorningChronicle_0006	0.020010
1849.07.17_MorningChronicle_0007	0.041134
1849.07.17_NorthWalesChronicle_0001	0.488282
1849.07.17_NorthWalesChronicle_0002	0.051805
1849.07.17_NorthWalesChronicle_0003	0.060434
1849.07.17_NorthWalesChronicle_0004	0.105353
1849.07.17_TheTimes_0002	0.041033
1849.07.17_TheTimes_0005	0.027426
1849.07.17_TheTimes_0006	0.061224
1849.07.17_TheTimes_0007	0.104686
1849.07.17_TheTimes_0008	0.027144
1849.07.17_TheTimes_0009	0.019658
1849.07.17_TheTimes_0012	0.047581
1849.07.18_AberdeenJournal_0001	0.216504
1849.07.18_AberdeenJournal_0002	0.208921
1849.07.18_AberdeenJournal_0003	0.105290
1849.07.18_AberdeenJournal_0004	0.028091
1849.07.18_AberdeenJournal_0005	0.058592
1849.07.18_AberdeenJournal_0006	0.190174
1849.07.18_AberdeenJournal_0007	0.100341
1849.07.18_AberdeenJournal_0008	0.035067
1849.07.18_DailyNews_0001	0.192538
1849.07.18_DailyNews_0004	0.043451
1849.07.18_DailyNews_0005	0.024277
1849.07.18_DailyNews_0006	0.118464
1849.07.18_DailyNews_0007	0.027190
1849.07.18_DailyNews_0008	0.148530
1849.07.18_DerbyMercury_0001	0.092271
1849.07.18_DerbyMercury_0002	0.225746
1849.07.18_DerbyMercury_0003	0.038448
1849.07.18_DerbyMercury_0004	0.074930
1849.07.18_Freeman'sJournal_0001	0.309047
1849.07.18_Freeman'sJournal_0002	0.059283
1849.07.18_Freeman'sJournal_0004	0.078850
1849.07.18_ManchesterTimes_0001	0.075998
1849.07.18_ManchesterTimes_0002	0.114943
1849.07.18_ManchesterTimes_0003	0.126496
1849.07.18_ManchesterTimes_0004	0.020044
1849.07.18_ManchesterTimes_0005	0.049862
1849.07.18_ManchesterTimes_0007	0.128352
1849.07.18_ManchesterTimes_0008	0.071438
1849.07.18_MorningChronicle_0006	0.021367
1849.07.18_MorningChronicle_0008	0.028613
1849.07.18_TheTimes_0002	0.019454
1849.07.18_TheTimes_0005	0.047090
1849.07.18_TheTimes_0006	0.013570
1849.07.18_TheTimes_0007	0.031532
1849.07.18_TheTimes_0008	0.078644
1849.07.19_CaledonianMercury_0001	0.196191
1849.07.19_CaledonianMercury_0002	0.112227
1849.07.19_CaledonianMercury_0003	0.101796
1849.07.19_CaledonianMercury_0004	0.091907
1849.07.19_DailyNews_0001	0.145743
1849.07.19_DailyNews_0003	0.020833
1849.07.19_DailyNews_0006	0.036125
1849.07.19_DailyNews_0007	0.016869
1849.07.19_DailyNews_0008	0.173708
1849.07.19_Freeman'sJournal_0001	0.225546
1849.07.19_Freeman'sJournal_0002	0.041588
1849.07.19_Freeman'sJournal_0003	0.104626
1849.07.19_Freeman'sJournal_0004	0.051652
1849.07.19_MorningChronicle_0004	0.026940
1849.07.19_MorningChronicle_0006	0.033658
1849.07.19_MorningChronicle_0007	0.030904
1849.07.19_TheTimes_0002	0.036411
1849.07.19_TheTimes_0005	0.062614
1849.07.19_TheTimes_0006	0.048446
1849.07.19_TheTimes_0007	0.154491
1849.07.19_TheTimes_0008	0.037310
1849.07.19_Trewman'sExeterFlyingPost_0001	0.314697
1849.07.19_Trewman'sExeterFlyingPost_0002	0.098143
1849.07.19_Trewman'sExeterFlyingPost_0003	0.212039
1849.07.19_Trewman'sExeterFlyingPost_0004	0.273755
1849.07.19_Trewman'sExeterFlyingPost_0006	0.045466
1849.07.19_Trewman'sExeterFlyingPost_0007	0.233560
1849.07.19_Trewman'sExeterFlyingPost_0008	0.012312
1849.07.20_BelfastNews-Letter_0001	0.325659
1849.07.20_BelfastNews-Letter_0003	0.324109
1849.07.20_BelfastNews-Letter_0004	0.112501
1849.07.20_DailyNews_0001	0.152678
1849.07.20_DailyNews_0005	0.013872
1849.07.20_DailyNews_0006	0.011116
1849.07.20_DailyNews_0007	0.011853
1849.07.20_DailyNews_0008	0.147687
1849.07.20_Freeman'sJournal_0001	0.226440
1849.07.20_Freeman'sJournal_0002	0.193262
1849.07.20_Freeman'sJournal_0003	0.018470
1849.07.20_Freeman'sJournal_0004	0.087272
1849.07.20_GlasgowHerald_0001	0.071130
1849.07.20_GlasgowHerald_0002	0.045762
1849.07.20_GlasgowHerald_0003	0.225718
1849.07.20_GlasgowHerald_0004	0.073238
1849.07.20_HullPacket_0001	0.299248
1849.07.20_HullPacket_0002	0.440140
1849.07.20_HullPacket_0003	0.082909
1849.07.20_HullPacket_0004	0.081155
1849.07.20_HullPacket_0005	0.018589
1849.07.20_HullPacket_0006	0.044921
1849.07.20_HullPacket_0007	0.157399
1849.07.20_HullPacket_0008	0.179195
1849.07.20_LiverpoolMercury_0001	0.104651
1849.07.20_LiverpoolMercury_0002	0.023821
1849.07.20_LiverpoolMercury_0003	0.016165
1849.07.20_LiverpoolMercury_0005	0.054722
1849.07.20_LiverpoolMercury_0006	0.047165
1849.07.20_LiverpoolMercury_0007	0.058925
1849.07.20_MorningChronicle_0005	0.015060
1849.07.20_MorningChronicle_0007	0.028098
1849.07.20_MorningChronicle_0008	0.142845
1849.07.20_NewcastleCourant_0001	0.295804
1849.07.20_NewcastleCourant_0002	0.079716
1849.07.20_NewcastleCourant_0003	0.389712
1849.07.20_NewcastleCourant_0004	0.075066
1849.07.20_NewcastleCourant_0005	0.466894
1849.07.20_NewcastleCourant_0006	0.318826
1849.07.20_NewcastleCourant_0007	0.048871
1849.07.20_NewcastleCourant_0008	0.095238
1849.07.20_TheTimes_0002	0.043386
1849.07.20_TheTimes_0004	0.038665
1849.07.20_TheTimes_0005	0.070436
1849.07.20_TheTimes_0007	0.258610
1849.07.20_TheTimes_0008	0.079117
1849.07.21_BristolMercury_0002	0.107954
1849.07.21_BristolMercury_0003	0.114067
1849.07.21_BristolMercury_0004	0.112791
1849.07.21_BristolMercury_0006	0.042228
1849.07.21_BristolMercury_0007	0.089213
1849.07.21_DailyNews_0001	0.274438
1849.07.21_DailyNews_0005	0.027216
1849.07.21_DailyNews_0006	0.035112
1849.07.21_DailyNews_0007	0.112459
1849.07.21_Examiner_0001	0.062095
1849.07.21_Examiner_0006	0.145980
1849.07.21_Examiner_0007	0.329117
1849.07.21_Examiner_0008	0.326427
1849.07.21_Examiner_0009	0.559265
1849.07.21_Examiner_0010	0.328696
1849.07.21_Examiner_0011	0.071266
1849.07.21_Examiner_0012	0.426545
1849.07.21_Examiner_0013	0.166709
1849.07.21_Examiner_0014	0.290344
1849.07.21_Examiner_0015	0.227931
1849.07.21_Examiner_0016	0.230040
1849.07.21_Freeman'sJournal_0001	0.222343
1849.07.21_Freeman'sJournal_0002	0.088660
1849.07.21_Freeman'sJournal_0003	0.118463
1849.07.21_Freeman'sJournal_0004	0.086494
1849.07.21_HampshirePortsmouthTelegraph_0001	0.205162
1849.07.21_HampshirePortsmouthTelegraph_0002	0.031231
1849.07.21_HampshirePortsmouthTelegraph_0003	0.061564
1849.07.21_HampshirePortsmouthTelegraph_0004	0.051320
1849.07.21_HampshirePortsmouthTelegraph_0005	0.020691
1849.07.21_HampshirePortsmouthTelegraph_0006	0.088929
1849.07.21_HampshirePortsmouthTelegraph_0007	0.042621
1849.07.21_HampshirePortsmouthTelegraph_0008	0.047212
1849.07.21_IpswichJournal_0001	0.145386
1849.07.21_IpswichJournal_0002	0.359069
1849.07.21_IpswichJournal_0003	0.110853
1849.07.21_IpswichJournal_0004	0.105907
1849.07.21_Jackson'sOxfordJournal_0001	0.133882
1849.07.21_Jackson'sOxfordJournal_0002	0.086545
1849.07.21_Jackson'sOxfordJournal_0003	0.035464
1849.07.21_Jackson'sOxfordJournal_0004	0.154057
1849.07.21_LeedsMercury_0001	0.193377
1849.07.21_LeedsMercury_0002	0.134854
1849.07.21_LeedsMercury_0003	0.241985
1849.07.21_LeedsMercury_0004	0.027788
1849.07.21_LeedsMercury_0005	0.043149
1849.07.21_LeedsMercury_0006	0.185841
1849.07.21_LeedsMercury_0007	0.123086
1849.07.21_LeedsMercury_0008	0.070921
1849.07.21_ManchesterTimes_0002	0.062592
1849.07.21_ManchesterTimes_0003	0.057613
1849.07.21_ManchesterTimes_0005	0.024835
1849.07.21_ManchesterTimes_0006	0.055184
1849.07.21_ManchesterTimes_0007	0.045081
1849.07.21_ManchesterTimes_0008	0.073728
1849.07.21_MorningChronicle_0002	0.011347
1849.07.21_MorningChronicle_0008	0.033446
1849.07.21_NorthernStar_0002	0.270518
1849.07.21_NorthernStar_0003	0.107637
1849.07.21_NorthernStar_0004	0.140378
1849.07.21_NorthernStar_0005	0.065728
1849.07.21_NorthernStar_0006	0.096904
1849.07.21_NorthernStar_0007	0.082611
1849.07.21_NorthernStar_0008	0.116558
1849.07.21_NorthernStar_0010	0.908051
1849.07.21_NorthernStar_0011	0.746272
1849.07.21_NorthernStar_0012	0.888574
1849.07.21_NorthernStar_0013	0.794542
1849.07.21_NorthernStar_0014	0.882971
1849.07.21_NorthernStar_0015	0.754455
1849.07.21_NorthernStar_0016	0.497321
1849.07.21_NorthernStar_0018	0.890191
1849.07.21_NorthernStar_0019	0.775128
1849.07.21_NorthernStar_0020	0.906726
1849.07.21_NorthernStar_0021	0.827860
1849.07.21_NorthernStar_0022	0.874681
1849.07.21_NorthernStar_0023	0.807062
1849.07.21_NorthernStar_0024	0.666836
1849.07.21_PrestonChronicle_0001	0.382566
1849.07.21_PrestonChronicle_0002	0.237167
1849.07.21_PrestonChronicle_0003	0.056594
1849.07.21_PrestonChronicle_0004	0.093940
1849.07.21_PrestonChronicle_0005	0.083474
1849.07.21_PrestonChronicle_0006	0.098800
1849.07.21_PrestonChronicle_0007	0.050926
1849.07.21_PrestonChronicle_0008	0.221139
1849.07.21_TheTimes_0001	0.022039
1849.07.21_TheTimes_0002	0.021318
1849.07.21_TheTimes_0003	0.034491
1849.07.21_TheTimes_0005	0.041109
1849.07.21_TheTimes_0006	0.048039
1849.07.21_TheTimes_0007	0.045732
1849.07.21_TheTimes_0008	0.049917
1849.07.21_TheTimes_0011	0.033159
1849.07.22_Lloyd'sIllustratedNewspaper_0001	0.166714
1849.07.22_Lloyd'sIllustratedNewspaper_0002	0.260025
1849.07.22_Lloyd'sIllustratedNewspaper_0003	0.179551
1849.07.22_Lloyd'sIllustratedNewspaper_0004	0.125195
1849.07.22_Lloyd'sIllustratedNewspaper_0005	0.217982
1849.07.22_Lloyd'sIllustratedNewspaper_0006	0.107240
1849.07.22_Lloyd'sIllustratedNewspaper_0007	0.124566
1849.07.22_Lloyd'sIllustratedNewspaper_0008	0.169827
1849.07.22_Lloyd'sIllustratedNewspaper_0009	0.141810
1849.07.22_Lloyd'sIllustratedNewspaper_0010	0.052351
1849.07.22_Lloyd'sIllustratedNewspaper_0011	0.102234
1849.07.22_Lloyd'sIllustratedNewspaper_0012	0.303251
1849.07.22_TheEra_0001	0.198889
1849.07.22_TheEra_0002	0.098075
1849.07.22_TheEra_0003	0.038125
1849.07.22_TheEra_0004	0.163543
1849.07.22_TheEra_0007	0.138808
1849.07.22_TheEra_0008	0.122529
1849.07.22_TheEra_0009	0.062541
1849.07.22_TheEra_0010	0.222714
1849.07.22_TheEra_0011	0.024432
1849.07.22_TheEra_0012	0.070971
1849.07.22_TheEra_0013	0.224110
1849.07.22_TheEra_0014	0.328406
1849.07.22_TheEra_0015	0.138681
1849.07.22_TheEra_0016	0.607627
1849.07.23_CaledonianMercury_0001	0.205459
1849.07.23_CaledonianMercury_0002	0.115230
1849.07.23_CaledonianMercury_0003	0.020559
1849.07.23_CaledonianMercury_0004	0.160135
1849.07.23_DailyNews_0001	0.165403
1849.07.23_DailyNews_0003	0.016109
1849.07.23_DailyNews_0005	0.017679
1849.07.23_DailyNews_0006	0.012513
1849.07.23_DailyNews_0007	0.068119
1849.07.23_DailyNews_0008	0.132898
1849.07.23_Freeman'sJournal_0001	0.169012
1849.07.23_Freeman'sJournal_0002	0.033326
1849.07.23_Freeman'sJournal_0003	0.054522
1849.07.23_Freeman'sJournal_0004	0.179022
1849.07.23_GlasgowHerald_0001	0.133944
1849.07.23_GlasgowHerald_0002	0.072834
1849.07.23_GlasgowHerald_0003	0.134422
1849.07.23_GlasgowHerald_0004	0.045152
1849.07.23_MorningChronicle_0002	0.012630
1849.07.23_MorningChronicle_0005	0.016929
1849.07.23_MorningChronicle_0007	0.035089
1849.07.23_MorningChronicle_0008	0.012657
1849.07.23_TheTimes_0003	0.070845
1849.07.23_TheTimes_0004	0.098217
1849.07.23_TheTimes_0006	0.060074
1849.07.23_TheTimes_0007	0.043648
1849.07.23_TheTimes_0008	0.028205
1849.07.24_BelfastNews-Letter_0001	0.189812
1849.07.24_BelfastNews-Letter_0002	0.033032
1849.07.24_BelfastNews-Letter_0003	0.366943
1849.07.24_DailyNews_0001	0.128249
1849.07.24_DailyNews_0003	0.019068
1849.07.24_DailyNews_0006	0.013770
1849.07.24_DailyNews_0008	0.177991
1849.07.24_Freeman'sJournal_0001	0.199866
1849.07.24_Freeman'sJournal_0002	0.061526
1849.07.24_Freeman'sJournal_0003	0.059440
1849.07.24_Freeman'sJournal_0004	0.028982
1849.07.24_LiverpoolMercury_0001	0.062620
1849.07.24_LiverpoolMercury_0002	0.119626
1849.07.24_LiverpoolMercury_0003	0.056366
1849.07.24_LiverpoolMercury_0005	0.107251
1849.07.24_LiverpoolMercury_0006	0.014059
1849.07.24_LiverpoolMercury_0007	0.383069
1849.07.24_LiverpoolMercury_0008	0.032347
1849.07.24_MorningChronicle_0007	0.038383
1849.07.24_NorthWalesChronicle_0001	0.346534
1849.07.24_NorthWalesChronicle_0002	0.077321
1849.07.24_NorthWalesChronicle_0003	0.042288
1849.07.24_NorthWalesChronicle_0004	0.055494
1849.07.24_TheTimes_0002	0.010939
1849.07.24_TheTimes_0003	0.086796
1849.07.24_TheTimes_0006	0.037347
1849.07.24_TheTimes_0008	0.066821
1849.07.24_TheTimes_0010	0.034463
1849.07.25_AberdeenJournal_0001	0.183647
1849.07.25_AberdeenJournal_0002	0.145243
1849.07.25_AberdeenJournal_0003	0.053164
1849.07.25_AberdeenJournal_0004	0.082023
1849.07.25_AberdeenJournal_0005	0.055440
1849.07.25_AberdeenJournal_0006	0.077001
1849.07.25_AberdeenJournal_0007	0.130562
1849.07.25_AberdeenJournal_0008	0.058166
1849.07.25_DailyNews_0001	0.091929
1849.07.25_DailyNews_0002	0.155909
1849.07.25_DailyNews_0004	0.024128
1849.07.25_DailyNews_0005	0.101895
1849.07.25_DailyNews_0007	0.019524
1849.07.25_DailyNews_0008	0.175133
1849.07.25_DerbyMercury_0001	0.055006
1849.07.25_DerbyMercury_0002	0.193149
1849.07.25_DerbyMercury_0004	0.133031
1849.07.25_Freeman'sJournal_0001	0.179402
1849.07.25_Freeman'sJournal_0002	0.087016
1849.07.25_Freeman'sJournal_0003	0.136424
1849.07.25_Freeman'sJournal_0004	0.387945
1849.07.25_ManchesterTimes_0001	0.141811
1849.07.25_ManchesterTimes_0002	0.100405
1849.07.25_ManchesterTimes_0003	0.043954
1849.07.25_ManchesterTimes_0005	0.021477
1849.07.25_ManchesterTimes_0006	0.195313
1849.07.25_ManchesterTimes_0007	0.020507
1849.07.25_ManchesterTimes_0008	0.056125
1849.07.25_MorningChronicle_0002	0.016724
1849.07.25_MorningChronicle_0003	0.010142
1849.07.25_MorningChronicle_0004	0.029637
1849.07.25_MorningChronicle_0005	0.037268
1849.07.25_MorningChronicle_0007	0.039027
1849.07.25_TheTimes_0002	0.032745
1849.07.25_TheTimes_0004	0.020617
1849.07.25_TheTimes_0005	0.018644
1849.07.25_TheTimes_0006	0.023412
1849.07.25_TheTimes_0007	0.041819
1849.07.25_TheTimes_0008	0.079637
1849.07.26_CaledonianMercury_0001	0.086972
1849.07.26_CaledonianMercury_0002	0.121024
1849.07.26_CaledonianMercury_0003	0.030673
1849.07.26_CaledonianMercury_0004	0.116230
1849.07.26_DailyNews_0001	0.101418
1849.07.26_DailyNews_0002	0.038041
1849.07.26_DailyNews_0003	0.033755
1849.07.26_DailyNews_0006	0.094734
1849.07.26_DailyNews_0007	0.069611
1849.07.26_DailyNews_0008	0.090901
1849.07.26_Freeman'sJournal_0001	0.133342
1849.07.26_Freeman'sJournal_0002	0.121587
1849.07.26_Freeman'sJournal_0003	0.030455
1849.07.26_Freeman'sJournal_0004	0.158772
1849.07.26_MorningChronicle_0002	0.021622
1849.07.26_MorningChronicle_0005	0.036416
1849.07.26_MorningChronicle_0007	0.051443
1849.07.26_TheTimes_0004	0.028547
1849.07.26_TheTimes_0005	0.038369
1849.07.26_TheTimes_0006	0.083084
1849.07.26_TheTimes_0007	0.127703
1849.07.26_TheTimes_0008	0.043405
1849.07.26_TheTimes_0009	0.017267
1849.07.26_TheTimes_0012	0.024561
1849.07.26_Trewman'sExeterFlyingPost_0001	0.353240
1849.07.26_Trewman'sExeterFlyingPost_0003	0.232306
1849.07.26_Trewman'sExeterFlyingPost_0004	0.245161
1849.07.26_Trewman'sExeterFlyingPost_0005	0.078904
1849.07.26_Trewman'sExeterFlyingPost_0006	0.218284
1849.07.26_Trewman'sExeterFlyingPost_0007	0.215497
1849.07.27_BelfastNews-Letter_0001	0.109371
1849.07.27_BelfastNews-Letter_0002	0.029130
1849.07.27_BelfastNews-Letter_0003	0.338327
1849.07.27_BelfastNews-Letter_0004	0.133848
1849.07.27_DailyNews_0001	0.072689
1849.07.27_DailyNews_0002	0.013976
1849.07.27_DailyNews_0003	0.030420
1849.07.27_DailyNews_0004	0.069118
1849.07.27_DailyNews_0005	0.022712
1849.07.27_DailyNews_0006	0.013231
1849.07.27_DailyNews_0007	0.023395
1849.07.27_DailyNews_0008	0.135263
1849.07.27_Freeman'sJournal_0001	0.207145
1849.07.27_Freeman'sJournal_0002	0.055319
1849.07.27_Freeman'sJournal_0003	0.298645
1849.07.27_Freeman'sJournal_0004	0.056827
1849.07.27_GlasgowHerald_0001	0.114932
1849.07.27_GlasgowHerald_0002	0.055789
1849.07.27_GlasgowHerald_0003	0.071340
1849.07.27_GlasgowHerald_0004	0.034181
1849.07.27_HullPacket_0001	0.274270
1849.07.27_HullPacket_0002	0.440226
1849.07.27_HullPacket_0003	0.064302
1849.07.27_HullPacket_0004	0.041339
1849.07.27_HullPacket_0005	0.021804
1849.07.27_HullPacket_0006	0.017217
1849.07.27_HullPacket_0007	0.210322
1849.07.27_HullPacket_0008	0.289956
1849.07.27_LiverpoolMercury_0002	0.099366
1849.07.27_LiverpoolMercury_0003	0.066014
1849.07.27_LiverpoolMercury_0004	0.037023
1849.07.27_LiverpoolMercury_0006	0.020386
1849.07.27_LiverpoolMercury_0007	0.074532
1849.07.27_LiverpoolMercury_0008	0.027354
1849.07.27_MorningChronicle_0001	0.017411
1849.07.27_MorningChronicle_0002	0.014465
1849.07.27_MorningChronicle_0004	0.016195
1849.07.27_MorningChronicle_0005	0.041719
1849.07.27_MorningChronicle_0007	0.055837
1849.07.27_NewcastleCourant_0001	0.365556
1849.07.27_NewcastleCourant_0002	0.129066
1849.07.27_NewcastleCourant_0003	0.058552
1849.07.27_NewcastleCourant_0004	0.091066
1849.07.27_NewcastleCourant_0005	0.317829
1849.07.27_NewcastleCourant_0006	0.221520
1849.07.27_NewcastleCourant_0007	0.058115
1849.07.27_NewcastleCourant_0008	0.100031
1849.07.27_TheTimes_0003	0.019130
1849.07.27_TheTimes_0004	0.020906
1849.07.27_TheTimes_0005	0.043757
1849.07.27_TheTimes_0007	0.082901
1849.07.27_TheTimes_0008	0.074306
1849.07.28_BristolMercury_0002	0.194324
1849.07.28_BristolMercury_0003	0.118398
1849.07.28_BristolMercury_0004	0.040517
1849.07.28_BristolMercury_0005	0.028007
1849.07.28_BristolMercury_0006	0.063500
1849.07.28_BristolMercury_0007	0.115676
1849.07.28_BristolMercury_0008	0.020837
1849.07.28_DailyNews_0001	0.091724
1849.07.28_DailyNews_0002	0.015797
1849.07.28_DailyNews_0004	0.027144
1849.07.28_DailyNews_0007	0.094224
1849.07.28_DailyNews_0008	0.049667
1849.07.28_Examiner_0001	0.225974
1849.07.28_Examiner_0002	0.066689
1849.07.28_Examiner_0006	0.109709
1849.07.28_Examiner_0007	0.234465
1849.07.28_Examiner_0008	0.234300
1849.07.28_Examiner_0009	0.498095
1849.07.28_Examiner_0010	0.474148
1849.07.28_Examiner_0011	0.222505
1849.07.28_Examiner_0012	0.174460
1849.07.28_Examiner_0013	0.239151
1849.07.28_Examiner_0014	0.411441
1849.07.28_Examiner_0015	0.114642
1849.07.28_Examiner_0016	0.240655
1849.07.28_Freeman'sJournal_0002	0.069314
1849.07.28_Freeman'sJournal_0003	0.062208
1849.07.28_Freeman'sJournal_0004	0.037854
1849.07.28_HampshirePortsmouthTelegraph_0001	0.235701
1849.07.28_HampshirePortsmouthTelegraph_0002	0.060363
1849.07.28_HampshirePortsmouthTelegraph_0003	0.104601
1849.07.28_HampshirePortsmouthTelegraph_0004	0.048219
1849.07.28_HampshirePortsmouthTelegraph_0005	0.042893
1849.07.28_HampshirePortsmouthTelegraph_0006	0.047596
1849.07.28_HampshirePortsmouthTelegraph_0007	0.092892
1849.07.28_HampshirePortsmouthTelegraph_0008	0.018777
1849.07.28_IpswichJournal_0001	0.188527
1849.07.28_IpswichJournal_0002	0.299502
1849.07.28_IpswichJournal_0003	0.048838
1849.07.28_IpswichJournal_0004	0.132469
1849.07.28_Jackson'sOxfordJournal_0001	0.220064
1849.07.28_Jackson'sOxfordJournal_0002	0.169996
1849.07.28_Jackson'sOxfordJournal_0003	0.035209
1849.07.28_Jackson'sOxfordJournal_0004	0.223923
1849.07.28_LeedsMercury_0001	0.122054
1849.07.28_LeedsMercury_0002	0.218126
1849.07.28_LeedsMercury_0003	0.256273
1849.07.28_LeedsMercury_0004	0.041896
1849.07.28_LeedsMercury_0005	0.036591
1849.07.28_LeedsMercury_0006	0.095712
1849.07.28_LeedsMercury_0007	0.104517
1849.07.28_LeedsMercury_0008	0.085388
1849.07.28_ManchesterTimes_0001	0.050346
1849.07.28_ManchesterTimes_0002	0.029716
1849.07.28_ManchesterTimes_0003	0.074009
1849.07.28_ManchesterTimes_0004	0.033340
1849.07.28_ManchesterTimes_0005	0.017069
1849.07.28_ManchesterTimes_0006	0.054941
1849.07.28_ManchesterTimes_0007	0.032502
1849.07.28_ManchesterTimes_0008	0.081484
1849.07.28_MorningChronicle_0001	0.024480
1849.07.28_MorningChronicle_0002	0.012016
1849.07.28_MorningChronicle_0004	0.081470
1849.07.28_MorningChronicle_0005	0.047459
1849.07.28_MorningChronicle_0007	0.211004
1849.07.28_MorningChronicle_0008	0.014004
1849.07.28_NorthernStar_0002	0.107111
1849.07.28_NorthernStar_0003	0.046228
1849.07.28_NorthernStar_0004	0.140311
1849.07.28_NorthernStar_0005	0.016753
1849.07.28_NorthernStar_0006	0.096672
1849.07.28_NorthernStar_0007	0.222069
1849.07.28_NorthernStar_0008	0.154783
1849.07.28_NorthernStar_0010	0.787383
1849.07.28_NorthernStar_0011	0.820650
1849.07.28_NorthernStar_0012	0.306453
1849.07.28_NorthernStar_0013	0.669419
1849.07.28_NorthernStar_0014	0.838674
1849.07.28_NorthernStar_0015	0.743965
1849.07.28_NorthernStar_0016	0.626209
1849.07.28_NorthernStar_0018	0.819143
1849.07.28_NorthernStar_0019	0.886228
1849.07.28_NorthernStar_0020	0.699093
1849.07.28_NorthernStar_0021	0.784997
1849.07.28_NorthernStar_0022	0.783312
1849.07.28_NorthernStar_0023	0.807445
1849.07.28_NorthernStar_0024	0.729292
1849.07.28_PrestonChronicle_0001	0.210257
1849.07.28_PrestonChronicle_0002	0.282974
1849.07.28_PrestonChronicle_0003	0.150149
1849.07.28_PrestonChronicle_0004	0.024965
1849.07.28_PrestonChronicle_0005	0.071883
1849.07.28_PrestonChronicle_0006	0.028620
1849.07.28_PrestonChronicle_0007	0.103879
1849.07.28_PrestonChronicle_0008	0.250802
1849.07.28_TheTimes_0002	0.027097
1849.07.28_TheTimes_0004	0.036436
1849.07.28_TheTimes_0005	0.042225
1849.07.28_TheTimes_0006	0.027615
1849.07.28_TheTimes_0007	0.028112
1849.07.28_TheTimes_0008	0.178824
1849.07.28_TheTimes_0012	0.035652
1849.07.29_Lloyd'sIllustratedNewspaper_0001	0.081856
1849.07.29_Lloyd'sIllustratedNewspaper_0002	0.080268
1849.07.29_Lloyd'sIllustratedNewspaper_0003	0.346823
1849.07.29_Lloyd'sIllustratedNewspaper_0004	0.172855
1849.07.29_Lloyd'sIllustratedNewspaper_0005	0.199723
1849.07.29_Lloyd'sIllustratedNewspaper_0006	0.160679
1849.07.29_Lloyd'sIllustratedNewspaper_0007	0.074884
1849.07.29_Lloyd'sIllustratedNewspaper_0008	0.111214
1849.07.29_Lloyd'sIllustratedNewspaper_0009	0.402518
1849.07.29_Lloyd'sIllustratedNewspaper_0010	0.096183
1849.07.29_Lloyd'sIllustratedNewspaper_0011	0.144357
1849.07.29_Lloyd'sIllustratedNewspaper_0012	0.323196
1849.07.29_TheEra_0001	0.174378
1849.07.29_TheEra_0002	0.189340
1849.07.29_TheEra_0003	0.040712
1849.07.29_TheEra_0004	0.144134
1849.07.29_TheEra_0005	0.144614
1849.07.29_TheEra_0006	0.059111
1849.07.29_TheEra_0007	0.122541
1849.07.29_TheEra_0008	0.047862
1849.07.29_TheEra_0009	0.069023
1849.07.29_TheEra_0010	0.095574
1849.07.29_TheEra_0011	0.039404
1849.07.29_TheEra_0012	0.130156
1849.07.29_TheEra_0013	0.145346
1849.07.29_TheEra_0014	0.276566
1849.07.29_TheEra_0015	0.126698
1849.07.29_TheEra_0016	0.374666
1849.07.30_CaledonianMercury_0001	0.242393
1849.07.30_CaledonianMercury_0002	0.032164
1849.07.30_CaledonianMercury_0004	0.131502
1849.07.30_DailyNews_0001	0.120945
1849.07.30_DailyNews_0002	0.026978
1849.07.30_DailyNews_0005	0.032438
1849.07.30_DailyNews_0006	0.011681
1849.07.30_DailyNews_0007	0.111739
1849.07.30_DailyNews_0008	0.120216
1849.07.30_Freeman'sJournal_0001	0.131905
1849.07.30_Freeman'sJournal_0002	0.106204
1849.07.30_Freeman'sJournal_0003	0.098632
1849.07.30_Freeman'sJournal_0004	0.149388
1849.07.30_GlasgowHerald_0001	0.075910
1849.07.30_GlasgowHerald_0002	0.035326
1849.07.30_GlasgowHerald_0003	0.114345
1849.07.30_GlasgowHerald_0004	0.033127
1849.07.30_MorningChronicle_0003	0.043532
1849.07.30_MorningChronicle_0007	0.023317
1849.07.30_TheTimes_0002	0.014307
1849.07.30_TheTimes_0003	0.075894
1849.07.30_TheTimes_0004	0.020685
1849.07.30_TheTimes_0006	0.051820
1849.07.30_TheTimes_0007	0.053478
1849.07.30_TheTimes_0008	0.030622
1849.07.30_TheTimes_0012	0.052899
1849.07.31_BelfastNews-Letter_0001	0.053374
1849.07.31_BelfastNews-Letter_0002	0.046810
1849.07.31_BelfastNews-Letter_0003	0.367000
1849.07.31_BelfastNews-Letter_0004	0.171061
1849.07.31_DailyNews_0004	0.026680
1849.07.31_DailyNews_0007	0.021054
1849.07.31_DailyNews_0008	0.102542
1849.07.31_Freeman'sJournal_0001	0.229086
1849.07.31_Freeman'sJournal_0003	0.042968
1849.07.31_LiverpoolMercury_0001	0.098832
1849.07.31_LiverpoolMercury_0002	0.098645
1849.07.31_LiverpoolMercury_0003	0.033980
1849.07.31_LiverpoolMercury_0004	0.041690
1849.07.31_LiverpoolMercury_0005	0.026240
1849.07.31_LiverpoolMercury_0006	0.015234
1849.07.31_LiverpoolMercury_0007	0.340377
1849.07.31_LiverpoolMercury_0008	0.023175
1849.07.31_MorningChronicle_0001	0.021171
1849.07.31_MorningChronicle_0002	0.018149
1849.07.31_MorningChronicle_0003	0.050644
1849.07.31_MorningChronicle_0004	0.056588
1849.07.31_MorningChronicle_0005	0.063398
1849.07.31_MorningChronicle_0006	0.044635
1849.07.31_MorningChronicle_0008	0.041034
1849.07.31_NorthWalesChronicle_0001	0.464715
1849.07.31_NorthWalesChronicle_0002	0.061015
1849.07.31_NorthWalesChronicle_0003	0.023524
1849.07.31_NorthWalesChronicle_0004	0.114006
1849.07.31_TheTimes_0003	0.035538
1849.07.31_TheTimes_0004	0.053928
1849.07.31_TheTimes_0005	0.024267
1849.07.31_TheTimes_0007	0.057747
1849.07.31_TheTimes_0008	0.365645
1849.07.31_TheTimes_0010	0.036046
