1866.09.01_BaneracAmserauCymru_0001	3122	1866.09.01_BaneracAmserauCymru	35583
1866.09.01_BaneracAmserauCymru_0002	4876	1866.09.01_BaneracAmserauCymru	35583
1866.09.01_BaneracAmserauCymru_0003	4613	1866.09.01_BaneracAmserauCymru	35583
1866.09.01_BaneracAmserauCymru_0004	3853	1866.09.01_BaneracAmserauCymru	35583
1866.09.01_BaneracAmserauCymru_0005	4861	1866.09.01_BaneracAmserauCymru	35583
1866.09.01_BaneracAmserauCymru_0006	4497	1866.09.01_BaneracAmserauCymru	35583
1866.09.01_BaneracAmserauCymru_0007	5762	1866.09.01_BaneracAmserauCymru	35583
1866.09.01_BaneracAmserauCymru_0008	3999	1866.09.01_BaneracAmserauCymru	35583
1866.09.01_BirminghamDailyPost_0001	10621	1866.09.01_BirminghamDailyPost	49221
1866.09.01_BirminghamDailyPost_0002	11380	1866.09.01_BirminghamDailyPost	49221
1866.09.01_BirminghamDailyPost_0003	13892	1866.09.01_BirminghamDailyPost	49221
1866.09.01_BirminghamDailyPost_0004	13328	1866.09.01_BirminghamDailyPost	49221
1866.09.01_DailyNews_0001	8910	1866.09.01_DailyNews	83441
1866.09.01_DailyNews_0002	10957	1866.09.01_DailyNews	83441
1866.09.01_DailyNews_0003	12829	1866.09.01_DailyNews	83441
1866.09.01_DailyNews_0004	7858	1866.09.01_DailyNews	83441
1866.09.01_DailyNews_0005	8627	1866.09.01_DailyNews	83441
1866.09.01_DailyNews_0006	12151	1866.09.01_DailyNews	83441
1866.09.01_DailyNews_0007	10873	1866.09.01_DailyNews	83441
1866.09.01_DailyNews_0008	11236	1866.09.01_DailyNews	83441
1866.09.01_Freeman'sJournalandDailyCommercialAdvertiser_0001	10327	1866.09.01_Freeman'sJournalandDailyCommercialAdvertiser	49140
1866.09.01_Freeman'sJournalandDailyCommercialAdvertiser_0002	11690	1866.09.01_Freeman'sJournalandDailyCommercialAdvertiser	49140
1866.09.01_Freeman'sJournalandDailyCommercialAdvertiser_0003	13115	1866.09.01_Freeman'sJournalandDailyCommercialAdvertiser	49140
1866.09.01_Freeman'sJournalandDailyCommercialAdvertiser_0004	14008	1866.09.01_Freeman'sJournalandDailyCommercialAdvertiser	49140
1866.09.01_GlasgowHerald_0001	9465	1866.09.01_GlasgowHerald	86577
1866.09.01_GlasgowHerald_0002	12906	1866.09.01_GlasgowHerald	86577
1866.09.01_GlasgowHerald_0003	11173	1866.09.01_GlasgowHerald	86577
1866.09.01_GlasgowHerald_0004	10691	1866.09.01_GlasgowHerald	86577
1866.09.01_GlasgowHerald_0005	10812	1866.09.01_GlasgowHerald	86577
1866.09.01_GlasgowHerald_0006	11067	1866.09.01_GlasgowHerald	86577
1866.09.01_GlasgowHerald_0007	11002	1866.09.01_GlasgowHerald	86577
1866.09.01_GlasgowHerald_0008	9461	1866.09.01_GlasgowHerald	86577
1866.09.01_HampshireTelegraphandSussexChronicleetc_0001	7986	1866.09.01_HampshireTelegraphandSussexChronicleetc	89110
1866.09.01_HampshireTelegraphandSussexChronicleetc_0002	9734	1866.09.01_HampshireTelegraphandSussexChronicleetc	89110
1866.09.01_HampshireTelegraphandSussexChronicleetc_0003	12587	1866.09.01_HampshireTelegraphandSussexChronicleetc	89110
1866.09.01_HampshireTelegraphandSussexChronicleetc_0004	11385	1866.09.01_HampshireTelegraphandSussexChronicleetc	89110
1866.09.01_HampshireTelegraphandSussexChronicleetc_0005	11941	1866.09.01_HampshireTelegraphandSussexChronicleetc	89110
1866.09.01_HampshireTelegraphandSussexChronicleetc_0006	12445	1866.09.01_HampshireTelegraphandSussexChronicleetc	89110
1866.09.01_HampshireTelegraphandSussexChronicleetc_0007	12694	1866.09.01_HampshireTelegraphandSussexChronicleetc	89110
1866.09.01_HampshireTelegraphandSussexChronicleetc_0008	10338	1866.09.01_HampshireTelegraphandSussexChronicleetc	89110
1866.09.01_Jackson'sOxfordJournal_0001	7329	1866.09.01_Jackson'sOxfordJournal	86907
1866.09.01_Jackson'sOxfordJournal_0002	10646	1866.09.01_Jackson'sOxfordJournal	86907
1866.09.01_Jackson'sOxfordJournal_0003	11485	1866.09.01_Jackson'sOxfordJournal	86907
1866.09.01_Jackson'sOxfordJournal_0004	10522	1866.09.01_Jackson'sOxfordJournal	86907
1866.09.01_Jackson'sOxfordJournal_0005	11354	1866.09.01_Jackson'sOxfordJournal	86907
1866.09.01_Jackson'sOxfordJournal_0006	11519	1866.09.01_Jackson'sOxfordJournal	86907
1866.09.01_Jackson'sOxfordJournal_0007	11610	1866.09.01_Jackson'sOxfordJournal	86907
1866.09.01_Jackson'sOxfordJournal_0008	12442	1866.09.01_Jackson'sOxfordJournal	86907
1866.09.01_Jackson'sOxfordJournal_S0001	6547	1866.09.01_Jackson'sOxfordJournal_	6547
1866.09.01_LiverpoolMercuryetc_0001	9825	1866.09.01_LiverpoolMercuryetc	95305
1866.09.01_LiverpoolMercuryetc_0002	13371	1866.09.01_LiverpoolMercuryetc	95305
1866.09.01_LiverpoolMercuryetc_0003	11067	1866.09.01_LiverpoolMercuryetc	95305
1866.09.01_LiverpoolMercuryetc_0004	13523	1866.09.01_LiverpoolMercuryetc	95305
1866.09.01_LiverpoolMercuryetc_0005	13365	1866.09.01_LiverpoolMercuryetc	95305
1866.09.01_LiverpoolMercuryetc_0006	11580	1866.09.01_LiverpoolMercuryetc	95305
1866.09.01_LiverpoolMercuryetc_0007	11402	1866.09.01_LiverpoolMercuryetc	95305
1866.09.01_LiverpoolMercuryetc_0008	11172	1866.09.01_LiverpoolMercuryetc	95305
1866.09.01_ManchesterTimes_0001	6879	1866.09.01_ManchesterTimes	90446
1866.09.01_ManchesterTimes_0002	12125	1866.09.01_ManchesterTimes	90446
1866.09.01_ManchesterTimes_0003	13787	1866.09.01_ManchesterTimes	90446
1866.09.01_ManchesterTimes_0004	10440	1866.09.01_ManchesterTimes	90446
1866.09.01_ManchesterTimes_0005	12114	1866.09.01_ManchesterTimes	90446
1866.09.01_ManchesterTimes_0006	12894	1866.09.01_ManchesterTimes	90446
1866.09.01_ManchesterTimes_0007	12913	1866.09.01_ManchesterTimes	90446
1866.09.01_ManchesterTimes_0008	9294	1866.09.01_ManchesterTimes	90446
1866.09.01_ManchesterTimes_S0001	4829	1866.09.01_ManchesterTimes_	43016
1866.09.01_ManchesterTimes_S0002	4883	1866.09.01_ManchesterTimes_	43016
1866.09.01_ManchesterTimes_S0003	5011	1866.09.01_ManchesterTimes_	43016
1866.09.01_ManchesterTimes_S0004	5243	1866.09.01_ManchesterTimes_	43016
1866.09.01_ManchesterTimes_S0005	6082	1866.09.01_ManchesterTimes_	43016
1866.09.01_ManchesterTimes_S0006	5348	1866.09.01_ManchesterTimes_	43016
1866.09.01_ManchesterTimes_S0007	6326	1866.09.01_ManchesterTimes_	43016
1866.09.01_ManchesterTimes_S0008	5294	1866.09.01_ManchesterTimes_	43016
1866.09.01_NorthWalesChronicle_0001	5756	1866.09.01_NorthWalesChronicle	70754
1866.09.01_NorthWalesChronicle_0002	11101	1866.09.01_NorthWalesChronicle	70754
1866.09.01_NorthWalesChronicle_0003	11314	1866.09.01_NorthWalesChronicle	70754
1866.09.01_NorthWalesChronicle_0004	7865	1866.09.01_NorthWalesChronicle	70754
1866.09.01_NorthWalesChronicle_0005	9481	1866.09.01_NorthWalesChronicle	70754
1866.09.01_NorthWalesChronicle_0006	8094	1866.09.01_NorthWalesChronicle	70754
1866.09.01_NorthWalesChronicle_0007	7224	1866.09.01_NorthWalesChronicle	70754
1866.09.01_NorthWalesChronicle_0008	9919	1866.09.01_NorthWalesChronicle	70754
1866.09.01_TheBelfastNews-Letter_0001	7200	1866.09.01_TheBelfastNews-Letter	49681
1866.09.01_TheBelfastNews-Letter_0002	12010	1866.09.01_TheBelfastNews-Letter	49681
1866.09.01_TheBelfastNews-Letter_0003	15162	1866.09.01_TheBelfastNews-Letter	49681
1866.09.01_TheBelfastNews-Letter_0004	15309	1866.09.01_TheBelfastNews-Letter	49681
1866.09.01_TheBristolMercury_0001	13081	1866.09.01_TheBristolMercury	117129
1866.09.01_TheBristolMercury_0002	11643	1866.09.01_TheBristolMercury	117129
1866.09.01_TheBristolMercury_0003	15993	1866.09.01_TheBristolMercury	117129
1866.09.01_TheBristolMercury_0004	10648	1866.09.01_TheBristolMercury	117129
1866.09.01_TheBristolMercury_0005	14556	1866.09.01_TheBristolMercury	117129
1866.09.01_TheBristolMercury_0006	18231	1866.09.01_TheBristolMercury	117129
1866.09.01_TheBristolMercury_0007	15950	1866.09.01_TheBristolMercury	117129
1866.09.01_TheBristolMercury_0008	17027	1866.09.01_TheBristolMercury	117129
1866.09.01_TheCaledonianMercury_0001	4301	1866.09.01_TheCaledonianMercury	27728
1866.09.01_TheCaledonianMercury_0002	7161	1866.09.01_TheCaledonianMercury	27728
1866.09.01_TheCaledonianMercury_0003	7961	1866.09.01_TheCaledonianMercury	27728
1866.09.01_TheCaledonianMercury_0004	8305	1866.09.01_TheCaledonianMercury	27728
1866.09.01_TheExaminer_0001	2883	1866.09.01_TheExaminer	51918
1866.09.01_TheExaminer_0002	3233	1866.09.01_TheExaminer	51918
1866.09.01_TheExaminer_0003	3136	1866.09.01_TheExaminer	51918
1866.09.01_TheExaminer_0004	3051	1866.09.01_TheExaminer	51918
1866.09.01_TheExaminer_0005	3402	1866.09.01_TheExaminer	51918
1866.09.01_TheExaminer_0006	2933	1866.09.01_TheExaminer	51918
1866.09.01_TheExaminer_0007	2780	1866.09.01_TheExaminer	51918
1866.09.01_TheExaminer_0008	2898	1866.09.01_TheExaminer	51918
1866.09.01_TheExaminer_0009	3524	1866.09.01_TheExaminer	51918
1866.09.01_TheExaminer_0010	2704	1866.09.01_TheExaminer	51918
1866.09.01_TheExaminer_0011	3098	1866.09.01_TheExaminer	51918
1866.09.01_TheExaminer_0012	4398	1866.09.01_TheExaminer	51918
1866.09.01_TheExaminer_0013	3849	1866.09.01_TheExaminer	51918
1866.09.01_TheExaminer_0014	3707	1866.09.01_TheExaminer	51918
1866.09.01_TheExaminer_0015	3417	1866.09.01_TheExaminer	51918
1866.09.01_TheExaminer_0016	2905	1866.09.01_TheExaminer	51918
1866.09.01_TheIpswichJournal_0001	2998	1866.09.01_TheIpswichJournal	107482
1866.09.01_TheIpswichJournal_0002	5398	1866.09.01_TheIpswichJournal	107482
1866.09.01_TheIpswichJournal_0003	6847	1866.09.01_TheIpswichJournal	107482
1866.09.01_TheIpswichJournal_0004	7621	1866.09.01_TheIpswichJournal	107482
1866.09.01_TheIpswichJournal_0005	11131	1866.09.01_TheIpswichJournal	107482
1866.09.01_TheIpswichJournal_0006	11598	1866.09.01_TheIpswichJournal	107482
1866.09.01_TheIpswichJournal_0007	12129	1866.09.01_TheIpswichJournal	107482
1866.09.01_TheIpswichJournal_0008	11909	1866.09.01_TheIpswichJournal	107482
1866.09.01_TheIpswichJournal_0009	7264	1866.09.01_TheIpswichJournal	107482
1866.09.01_TheIpswichJournal_0010	12908	1866.09.01_TheIpswichJournal	107482
1866.09.01_TheIpswichJournal_0011	12390	1866.09.01_TheIpswichJournal	107482
1866.09.01_TheIpswichJournal_0012	5289	1866.09.01_TheIpswichJournal	107482
1866.09.01_TheLeedsMercury_0001	10342	1866.09.01_TheLeedsMercury	117568
1866.09.01_TheLeedsMercury_0002	13942	1866.09.01_TheLeedsMercury	117568
1866.09.01_TheLeedsMercury_0003	12797	1866.09.01_TheLeedsMercury	117568
1866.09.01_TheLeedsMercury_0004	11003	1866.09.01_TheLeedsMercury	117568
1866.09.01_TheLeedsMercury_0005	11097	1866.09.01_TheLeedsMercury	117568
1866.09.01_TheLeedsMercury_0006	11116	1866.09.01_TheLeedsMercury	117568
1866.09.01_TheLeedsMercury_0007	11655	1866.09.01_TheLeedsMercury	117568
1866.09.01_TheLeedsMercury_0008	12434	1866.09.01_TheLeedsMercury	117568
1866.09.01_TheLeedsMercury_0009	12911	1866.09.01_TheLeedsMercury	117568
1866.09.01_TheLeedsMercury_0010	10271	1866.09.01_TheLeedsMercury	117568
1866.09.01_TheLeedsMercury_S0001	10402	1866.09.01_TheLeedsMercury_	47265
1866.09.01_TheLeedsMercury_S0002	12839	1866.09.01_TheLeedsMercury_	47265
1866.09.01_TheLeedsMercury_S0003	12503	1866.09.01_TheLeedsMercury_	47265
1866.09.01_TheLeedsMercury_S0004	11521	1866.09.01_TheLeedsMercury_	47265
1866.09.01_ThePallMallGazette_0001	1675	1866.09.01_ThePallMallGazette	38825
1866.09.01_ThePallMallGazette_0002	2057	1866.09.01_ThePallMallGazette	38825
1866.09.01_ThePallMallGazette_0003	2168	1866.09.01_ThePallMallGazette	38825
1866.09.01_ThePallMallGazette_0004	2146	1866.09.01_ThePallMallGazette	38825
1866.09.01_ThePallMallGazette_0005	2235	1866.09.01_ThePallMallGazette	38825
1866.09.01_ThePallMallGazette_0006	2745	1866.09.01_ThePallMallGazette	38825
1866.09.01_ThePallMallGazette_0007	2604	1866.09.01_ThePallMallGazette	38825
1866.09.01_ThePallMallGazette_0008	2203	1866.09.01_ThePallMallGazette	38825
1866.09.01_ThePallMallGazette_0009	2396	1866.09.01_ThePallMallGazette	38825
1866.09.01_ThePallMallGazette_0010	3554	1866.09.01_ThePallMallGazette	38825
1866.09.01_ThePallMallGazette_0011	2167	1866.09.01_ThePallMallGazette	38825
1866.09.01_ThePallMallGazette_0012	2397	1866.09.01_ThePallMallGazette	38825
1866.09.01_ThePallMallGazette_0013	2244	1866.09.01_ThePallMallGazette	38825
1866.09.01_ThePallMallGazette_0014	2359	1866.09.01_ThePallMallGazette	38825
1866.09.01_ThePallMallGazette_0015	2935	1866.09.01_ThePallMallGazette	38825
1866.09.01_ThePallMallGazette_0016	2940	1866.09.01_ThePallMallGazette	38825
1866.09.01_ThePrestonGuardianetc_0001	7159	1866.09.01_ThePrestonGuardianetc	93905
1866.09.01_ThePrestonGuardianetc_0002	12897	1866.09.01_ThePrestonGuardianetc	93905
1866.09.01_ThePrestonGuardianetc_0003	13204	1866.09.01_ThePrestonGuardianetc	93905
1866.09.01_ThePrestonGuardianetc_0004	11322	1866.09.01_ThePrestonGuardianetc	93905
1866.09.01_ThePrestonGuardianetc_0005	13761	1866.09.01_ThePrestonGuardianetc	93905
1866.09.01_ThePrestonGuardianetc_0006	12971	1866.09.01_ThePrestonGuardianetc	93905
1866.09.01_ThePrestonGuardianetc_0007	12975	1866.09.01_ThePrestonGuardianetc	93905
1866.09.01_ThePrestonGuardianetc_0008	9616	1866.09.01_ThePrestonGuardianetc	93905
1866.09.01_Times_0001	13724	1866.09.01_Times	187966
1866.09.01_Times_0002	12874	1866.09.01_Times	187966
1866.09.01_Times_0003	12952	1866.09.01_Times	187966
1866.09.01_Times_0004	15174	1866.09.01_Times	187966
1866.09.01_Times_0005	11980	1866.09.01_Times	187966
1866.09.01_Times_0006	6313	1866.09.01_Times	187966
1866.09.01_Times_0007	13931	1866.09.01_Times	187966
1866.09.01_Times_0008	11266	1866.09.01_Times	187966
1866.09.01_Times_0009	8151	1866.09.01_Times	187966
1866.09.01_Times_0010	9664	1866.09.01_Times	187966
1866.09.01_Times_0011	11493	1866.09.01_Times	187966
1866.09.01_Times_0012	9982	1866.09.01_Times	187966
1866.09.01_Times_0013	10094	1866.09.01_Times	187966
1866.09.01_Times_0014	12216	1866.09.01_Times	187966
1866.09.01_Times_0015	13423	1866.09.01_Times	187966
1866.09.01_Times_0016	14729	1866.09.01_Times	187966
1866.09.02_Lloyd'sWeeklyNewspaper_0001	6068	1866.09.02_Lloyd'sWeeklyNewspaper	83687
1866.09.02_Lloyd'sWeeklyNewspaper_0002	7465	1866.09.02_Lloyd'sWeeklyNewspaper	83687
1866.09.02_Lloyd'sWeeklyNewspaper_0003	6950	1866.09.02_Lloyd'sWeeklyNewspaper	83687
1866.09.02_Lloyd'sWeeklyNewspaper_0004	7858	1866.09.02_Lloyd'sWeeklyNewspaper	83687
1866.09.02_Lloyd'sWeeklyNewspaper_0005	8178	1866.09.02_Lloyd'sWeeklyNewspaper	83687
1866.09.02_Lloyd'sWeeklyNewspaper_0006	5240	1866.09.02_Lloyd'sWeeklyNewspaper	83687
1866.09.02_Lloyd'sWeeklyNewspaper_0007	7727	1866.09.02_Lloyd'sWeeklyNewspaper	83687
1866.09.02_Lloyd'sWeeklyNewspaper_0008	7818	1866.09.02_Lloyd'sWeeklyNewspaper	83687
1866.09.02_Lloyd'sWeeklyNewspaper_0009	6468	1866.09.02_Lloyd'sWeeklyNewspaper	83687
1866.09.02_Lloyd'sWeeklyNewspaper_0010	4949	1866.09.02_Lloyd'sWeeklyNewspaper	83687
1866.09.02_Lloyd'sWeeklyNewspaper_0011	7858	1866.09.02_Lloyd'sWeeklyNewspaper	83687
1866.09.02_Lloyd'sWeeklyNewspaper_0012	7108	1866.09.02_Lloyd'sWeeklyNewspaper	83687
1866.09.02_Reynolds'sNewspaper_0001	8808	1866.09.02_Reynolds'sNewspaper	72578
1866.09.02_Reynolds'sNewspaper_0002	8721	1866.09.02_Reynolds'sNewspaper	72578
1866.09.02_Reynolds'sNewspaper_0003	7494	1866.09.02_Reynolds'sNewspaper	72578
1866.09.02_Reynolds'sNewspaper_0004	9979	1866.09.02_Reynolds'sNewspaper	72578
1866.09.02_Reynolds'sNewspaper_0005	11234	1866.09.02_Reynolds'sNewspaper	72578
1866.09.02_Reynolds'sNewspaper_0006	10486	1866.09.02_Reynolds'sNewspaper	72578
1866.09.02_Reynolds'sNewspaper_0007	5332	1866.09.02_Reynolds'sNewspaper	72578
1866.09.02_Reynolds'sNewspaper_0008	10524	1866.09.02_Reynolds'sNewspaper	72578
1866.09.02_TheEra_0001	4540	1866.09.02_TheEra	105957
1866.09.02_TheEra_0002	5712	1866.09.02_TheEra	105957
1866.09.02_TheEra_0003	6809	1866.09.02_TheEra	105957
1866.09.02_TheEra_0004	7455	1866.09.02_TheEra	105957
1866.09.02_TheEra_0005	6740	1866.09.02_TheEra	105957
1866.09.02_TheEra_0006	6690	1866.09.02_TheEra	105957
1866.09.02_TheEra_0007	6627	1866.09.02_TheEra	105957
1866.09.02_TheEra_0008	5978	1866.09.02_TheEra	105957
1866.09.02_TheEra_0009	5730	1866.09.02_TheEra	105957
1866.09.02_TheEra_0010	6819	1866.09.02_TheEra	105957
1866.09.02_TheEra_0011	6984	1866.09.02_TheEra	105957
1866.09.02_TheEra_0012	7452	1866.09.02_TheEra	105957
1866.09.02_TheEra_0013	8008	1866.09.02_TheEra	105957
1866.09.02_TheEra_0014	7924	1866.09.02_TheEra	105957
1866.09.02_TheEra_0015	6775	1866.09.02_TheEra	105957
1866.09.02_TheEra_0016	5714	1866.09.02_TheEra	105957
1866.09.03_BirminghamDailyPost_0001	9121	1866.09.03_BirminghamDailyPost	83799
1866.09.03_BirminghamDailyPost_0002	9127	1866.09.03_BirminghamDailyPost	83799
1866.09.03_BirminghamDailyPost_0003	11118	1866.09.03_BirminghamDailyPost	83799
1866.09.03_BirminghamDailyPost_0004	10061	1866.09.03_BirminghamDailyPost	83799
1866.09.03_BirminghamDailyPost_0005	10038	1866.09.03_BirminghamDailyPost	83799
1866.09.03_BirminghamDailyPost_0006	10423	1866.09.03_BirminghamDailyPost	83799
1866.09.03_BirminghamDailyPost_0007	12629	1866.09.03_BirminghamDailyPost	83799
1866.09.03_BirminghamDailyPost_0008	11282	1866.09.03_BirminghamDailyPost	83799
1866.09.03_DailyNews_0001	8947	1866.09.03_DailyNews	82501
1866.09.03_DailyNews_0002	11090	1866.09.03_DailyNews	82501
1866.09.03_DailyNews_0003	13249	1866.09.03_DailyNews	82501
1866.09.03_DailyNews_0004	7888	1866.09.03_DailyNews	82501
1866.09.03_DailyNews_0005	9295	1866.09.03_DailyNews	82501
1866.09.03_DailyNews_0006	11983	1866.09.03_DailyNews	82501
1866.09.03_DailyNews_0007	9840	1866.09.03_DailyNews	82501
1866.09.03_DailyNews_0008	10209	1866.09.03_DailyNews	82501
1866.09.03_Freeman'sJournalandDailyCommercialAdvertiser_0001	10958	1866.09.03_Freeman'sJournalandDailyCommercialAdvertiser	50388
1866.09.03_Freeman'sJournalandDailyCommercialAdvertiser_0002	11301	1866.09.03_Freeman'sJournalandDailyCommercialAdvertiser	50388
1866.09.03_Freeman'sJournalandDailyCommercialAdvertiser_0003	14206	1866.09.03_Freeman'sJournalandDailyCommercialAdvertiser	50388
1866.09.03_Freeman'sJournalandDailyCommercialAdvertiser_0004	13923	1866.09.03_Freeman'sJournalandDailyCommercialAdvertiser	50388
1866.09.03_GlasgowHerald_0001	10166	1866.09.03_GlasgowHerald	85741
1866.09.03_GlasgowHerald_0002	9791	1866.09.03_GlasgowHerald	85741
1866.09.03_GlasgowHerald_0003	11375	1866.09.03_GlasgowHerald	85741
1866.09.03_GlasgowHerald_0004	10444	1866.09.03_GlasgowHerald	85741
1866.09.03_GlasgowHerald_0005	11271	1866.09.03_GlasgowHerald	85741
1866.09.03_GlasgowHerald_0006	12136	1866.09.03_GlasgowHerald	85741
1866.09.03_GlasgowHerald_0007	10913	1866.09.03_GlasgowHerald	85741
1866.09.03_GlasgowHerald_0008	9645	1866.09.03_GlasgowHerald	85741
1866.09.03_LiverpoolMercuryetc_0001	7272	1866.09.03_LiverpoolMercuryetc	80145
1866.09.03_LiverpoolMercuryetc_0002	10471	1866.09.03_LiverpoolMercuryetc	80145
1866.09.03_LiverpoolMercuryetc_0003	11111	1866.09.03_LiverpoolMercuryetc	80145
1866.09.03_LiverpoolMercuryetc_0004	10209	1866.09.03_LiverpoolMercuryetc	80145
1866.09.03_LiverpoolMercuryetc_0005	9363	1866.09.03_LiverpoolMercuryetc	80145
1866.09.03_LiverpoolMercuryetc_0006	11084	1866.09.03_LiverpoolMercuryetc	80145
1866.09.03_LiverpoolMercuryetc_0007	11299	1866.09.03_LiverpoolMercuryetc	80145
1866.09.03_LiverpoolMercuryetc_0008	9336	1866.09.03_LiverpoolMercuryetc	80145
1866.09.03_TheBelfastNews-Letter_0001	6403	1866.09.03_TheBelfastNews-Letter	47179
1866.09.03_TheBelfastNews-Letter_0002	11346	1866.09.03_TheBelfastNews-Letter	47179
1866.09.03_TheBelfastNews-Letter_0003	14564	1866.09.03_TheBelfastNews-Letter	47179
1866.09.03_TheBelfastNews-Letter_0004	14866	1866.09.03_TheBelfastNews-Letter	47179
1866.09.03_TheCaledonianMercury_0001	5186	1866.09.03_TheCaledonianMercury	28954
1866.09.03_TheCaledonianMercury_0002	7254	1866.09.03_TheCaledonianMercury	28954
1866.09.03_TheCaledonianMercury_0003	7708	1866.09.03_TheCaledonianMercury	28954
1866.09.03_TheCaledonianMercury_0004	8806	1866.09.03_TheCaledonianMercury	28954
1866.09.03_TheLeedsMercury_0001	12678	1866.09.03_TheLeedsMercury	53657
1866.09.03_TheLeedsMercury_0002	12584	1866.09.03_TheLeedsMercury	53657
1866.09.03_TheLeedsMercury_0003	13810	1866.09.03_TheLeedsMercury	53657
1866.09.03_TheLeedsMercury_0004	14585	1866.09.03_TheLeedsMercury	53657
1866.09.03_ThePallMallGazette_0001	1632	1866.09.03_ThePallMallGazette	28597
1866.09.03_ThePallMallGazette_0002	2059	1866.09.03_ThePallMallGazette	28597
1866.09.03_ThePallMallGazette_0003	2199	1866.09.03_ThePallMallGazette	28597
1866.09.03_ThePallMallGazette_0004	2566	1866.09.03_ThePallMallGazette	28597
1866.09.03_ThePallMallGazette_0005	2465	1866.09.03_ThePallMallGazette	28597
1866.09.03_ThePallMallGazette_0006	2085	1866.09.03_ThePallMallGazette	28597
1866.09.03_ThePallMallGazette_0007	2318	1866.09.03_ThePallMallGazette	28597
1866.09.03_ThePallMallGazette_0008	3654	1866.09.03_ThePallMallGazette	28597
1866.09.03_ThePallMallGazette_0009	2178	1866.09.03_ThePallMallGazette	28597
1866.09.03_ThePallMallGazette_0010	2134	1866.09.03_ThePallMallGazette	28597
1866.09.03_ThePallMallGazette_0011	2812	1866.09.03_ThePallMallGazette	28597
1866.09.03_ThePallMallGazette_0012	2495	1866.09.03_ThePallMallGazette	28597
1866.09.03_Times_0001	11847	1866.09.03_Times	137192
1866.09.03_Times_0002	13126	1866.09.03_Times	137192
1866.09.03_Times_0003	12206	1866.09.03_Times	137192
1866.09.03_Times_0004	10904	1866.09.03_Times	137192
1866.09.03_Times_0005	8610	1866.09.03_Times	137192
1866.09.03_Times_0006	8323	1866.09.03_Times	137192
1866.09.03_Times_0007	10116	1866.09.03_Times	137192
1866.09.03_Times_0008	13289	1866.09.03_Times	137192
1866.09.03_Times_0009	11384	1866.09.03_Times	137192
1866.09.03_Times_0010	10386	1866.09.03_Times	137192
1866.09.03_Times_0011	12841	1866.09.03_Times	137192
1866.09.03_Times_0012	14160	1866.09.03_Times	137192
1866.09.04_BirminghamDailyPost_0001	9650	1866.09.04_BirminghamDailyPost	50707
1866.09.04_BirminghamDailyPost_0002	12747	1866.09.04_BirminghamDailyPost	50707
1866.09.04_BirminghamDailyPost_0003	13202	1866.09.04_BirminghamDailyPost	50707
1866.09.04_BirminghamDailyPost_0004	15108	1866.09.04_BirminghamDailyPost	50707
1866.09.04_DailyNews_0001	9677	1866.09.04_DailyNews	81981
1866.09.04_DailyNews_0002	10889	1866.09.04_DailyNews	81981
1866.09.04_DailyNews_0003	12680	1866.09.04_DailyNews	81981
1866.09.04_DailyNews_0004	8758	1866.09.04_DailyNews	81981
1866.09.04_DailyNews_0005	8095	1866.09.04_DailyNews	81981
1866.09.04_DailyNews_0006	11295	1866.09.04_DailyNews	81981
1866.09.04_DailyNews_0007	10561	1866.09.04_DailyNews	81981
1866.09.04_DailyNews_0008	10026	1866.09.04_DailyNews	81981
1866.09.04_Freeman'sJournalandDailyCommercialAdvertiser_0001	10988	1866.09.04_Freeman'sJournalandDailyCommercialAdvertiser	50071
1866.09.04_Freeman'sJournalandDailyCommercialAdvertiser_0002	11134	1866.09.04_Freeman'sJournalandDailyCommercialAdvertiser	50071
1866.09.04_Freeman'sJournalandDailyCommercialAdvertiser_0003	13942	1866.09.04_Freeman'sJournalandDailyCommercialAdvertiser	50071
1866.09.04_Freeman'sJournalandDailyCommercialAdvertiser_0004	14007	1866.09.04_Freeman'sJournalandDailyCommercialAdvertiser	50071
1866.09.04_GlasgowHerald_0001	12759	1866.09.04_GlasgowHerald	52204
1866.09.04_GlasgowHerald_0002	12812	1866.09.04_GlasgowHerald	52204
1866.09.04_GlasgowHerald_0003	13316	1866.09.04_GlasgowHerald	52204
1866.09.04_GlasgowHerald_0004	13317	1866.09.04_GlasgowHerald	52204
1866.09.04_LiverpoolMercuryetc_0001	6515	1866.09.04_LiverpoolMercuryetc	114174
1866.09.04_LiverpoolMercuryetc_0002	9601	1866.09.04_LiverpoolMercuryetc	114174
1866.09.04_LiverpoolMercuryetc_0003	11820	1866.09.04_LiverpoolMercuryetc	114174
1866.09.04_LiverpoolMercuryetc_0004	9162	1866.09.04_LiverpoolMercuryetc	114174
1866.09.04_LiverpoolMercuryetc_0005	12817	1866.09.04_LiverpoolMercuryetc	114174
1866.09.04_LiverpoolMercuryetc_0006	11705	1866.09.04_LiverpoolMercuryetc	114174
1866.09.04_LiverpoolMercuryetc_0007	11247	1866.09.04_LiverpoolMercuryetc	114174
1866.09.04_LiverpoolMercuryetc_0008	9989	1866.09.04_LiverpoolMercuryetc	114174
1866.09.04_LiverpoolMercuryetc_0009	16976	1866.09.04_LiverpoolMercuryetc	114174
1866.09.04_LiverpoolMercuryetc_0010	14342	1866.09.04_LiverpoolMercuryetc	114174
1866.09.04_TheBelfastNews-Letter_0001	8213	1866.09.04_TheBelfastNews-Letter	49758
1866.09.04_TheBelfastNews-Letter_0002	11911	1866.09.04_TheBelfastNews-Letter	49758
1866.09.04_TheBelfastNews-Letter_0003	13691	1866.09.04_TheBelfastNews-Letter	49758
1866.09.04_TheBelfastNews-Letter_0004	15943	1866.09.04_TheBelfastNews-Letter	49758
1866.09.04_TheCaledonianMercury_0001	5270	1866.09.04_TheCaledonianMercury	28823
1866.09.04_TheCaledonianMercury_0002	7342	1866.09.04_TheCaledonianMercury	28823
1866.09.04_TheCaledonianMercury_0003	7832	1866.09.04_TheCaledonianMercury	28823
1866.09.04_TheCaledonianMercury_0004	8379	1866.09.04_TheCaledonianMercury	28823
1866.09.04_TheLeedsMercury_0001	10426	1866.09.04_TheLeedsMercury	95815
1866.09.04_TheLeedsMercury_0002	12141	1866.09.04_TheLeedsMercury	95815
1866.09.04_TheLeedsMercury_0003	13444	1866.09.04_TheLeedsMercury	95815
1866.09.04_TheLeedsMercury_0004	11014	1866.09.04_TheLeedsMercury	95815
1866.09.04_TheLeedsMercury_0005	11402	1866.09.04_TheLeedsMercury	95815
1866.09.04_TheLeedsMercury_0006	12567	1866.09.04_TheLeedsMercury	95815
1866.09.04_TheLeedsMercury_0007	12458	1866.09.04_TheLeedsMercury	95815
1866.09.04_TheLeedsMercury_0008	12363	1866.09.04_TheLeedsMercury	95815
1866.09.04_ThePallMallGazette_0001	1646	1866.09.04_ThePallMallGazette	28785
1866.09.04_ThePallMallGazette_0002	2087	1866.09.04_ThePallMallGazette	28785
1866.09.04_ThePallMallGazette_0003	2187	1866.09.04_ThePallMallGazette	28785
1866.09.04_ThePallMallGazette_0004	2531	1866.09.04_ThePallMallGazette	28785
1866.09.04_ThePallMallGazette_0005	2583	1866.09.04_ThePallMallGazette	28785
1866.09.04_ThePallMallGazette_0006	2233	1866.09.04_ThePallMallGazette	28785
1866.09.04_ThePallMallGazette_0007	2402	1866.09.04_ThePallMallGazette	28785
1866.09.04_ThePallMallGazette_0008	3273	1866.09.04_ThePallMallGazette	28785
1866.09.04_ThePallMallGazette_0009	2147	1866.09.04_ThePallMallGazette	28785
1866.09.04_ThePallMallGazette_0010	2185	1866.09.04_ThePallMallGazette	28785
1866.09.04_ThePallMallGazette_0011	2783	1866.09.04_ThePallMallGazette	28785
1866.09.04_ThePallMallGazette_0012	2728	1866.09.04_ThePallMallGazette	28785
1866.09.04_Times_0001	12407	1866.09.04_Times	181145
1866.09.04_Times_0002	11371	1866.09.04_Times	181145
1866.09.04_Times_0003	11272	1866.09.04_Times	181145
1866.09.04_Times_0004	16183	1866.09.04_Times	181145
1866.09.04_Times_0005	12005	1866.09.04_Times	181145
1866.09.04_Times_0006	6461	1866.09.04_Times	181145
1866.09.04_Times_0007	13133	1866.09.04_Times	181145
1866.09.04_Times_0008	7698	1866.09.04_Times	181145
1866.09.04_Times_0009	9247	1866.09.04_Times	181145
1866.09.04_Times_0010	8909	1866.09.04_Times	181145
1866.09.04_Times_0011	12064	1866.09.04_Times	181145
1866.09.04_Times_0012	10006	1866.09.04_Times	181145
1866.09.04_Times_0013	13021	1866.09.04_Times	181145
1866.09.04_Times_0014	13692	1866.09.04_Times	181145
1866.09.04_Times_0015	10640	1866.09.04_Times	181145
1866.09.04_Times_0016	13036	1866.09.04_Times	181145
1866.09.05_BaneracAmserauCymru_0001	3521	1866.09.05_BaneracAmserauCymru	73025
1866.09.05_BaneracAmserauCymru_0002	4495	1866.09.05_BaneracAmserauCymru	73025
1866.09.05_BaneracAmserauCymru_0003	3208	1866.09.05_BaneracAmserauCymru	73025
1866.09.05_BaneracAmserauCymru_0004	4470	1866.09.05_BaneracAmserauCymru	73025
1866.09.05_BaneracAmserauCymru_0005	5437	1866.09.05_BaneracAmserauCymru	73025
1866.09.05_BaneracAmserauCymru_0006	4940	1866.09.05_BaneracAmserauCymru	73025
1866.09.05_BaneracAmserauCymru_0007	5467	1866.09.05_BaneracAmserauCymru	73025
1866.09.05_BaneracAmserauCymru_0008	4221	1866.09.05_BaneracAmserauCymru	73025
1866.09.05_BaneracAmserauCymru_0009	4156	1866.09.05_BaneracAmserauCymru	73025
1866.09.05_BaneracAmserauCymru_0010	4947	1866.09.05_BaneracAmserauCymru	73025
1866.09.05_BaneracAmserauCymru_0011	4832	1866.09.05_BaneracAmserauCymru	73025
1866.09.05_BaneracAmserauCymru_0012	4373	1866.09.05_BaneracAmserauCymru	73025
1866.09.05_BaneracAmserauCymru_0013	6608	1866.09.05_BaneracAmserauCymru	73025
1866.09.05_BaneracAmserauCymru_0014	5060	1866.09.05_BaneracAmserauCymru	73025
1866.09.05_BaneracAmserauCymru_0015	4184	1866.09.05_BaneracAmserauCymru	73025
1866.09.05_BaneracAmserauCymru_0016	3106	1866.09.05_BaneracAmserauCymru	73025
1866.09.05_BirminghamDailyPost_0001	10012	1866.09.05_BirminghamDailyPost	54273
1866.09.05_BirminghamDailyPost_0002	12140	1866.09.05_BirminghamDailyPost	54273
1866.09.05_BirminghamDailyPost_0003	16586	1866.09.05_BirminghamDailyPost	54273
1866.09.05_BirminghamDailyPost_0004	15535	1866.09.05_BirminghamDailyPost	54273
1866.09.05_DailyNews_0001	9500	1866.09.05_DailyNews	83926
1866.09.05_DailyNews_0002	11424	1866.09.05_DailyNews	83926
1866.09.05_DailyNews_0003	13187	1866.09.05_DailyNews	83926
1866.09.05_DailyNews_0004	8090	1866.09.05_DailyNews	83926
1866.09.05_DailyNews_0005	9172	1866.09.05_DailyNews	83926
1866.09.05_DailyNews_0006	10889	1866.09.05_DailyNews	83926
1866.09.05_DailyNews_0007	11073	1866.09.05_DailyNews	83926
1866.09.05_DailyNews_0008	10591	1866.09.05_DailyNews	83926
1866.09.05_Freeman'sJournalandDailyCommercialAdvertiser_0001	11639	1866.09.05_Freeman'sJournalandDailyCommercialAdvertiser	52784
1866.09.05_Freeman'sJournalandDailyCommercialAdvertiser_0002	11654	1866.09.05_Freeman'sJournalandDailyCommercialAdvertiser	52784
1866.09.05_Freeman'sJournalandDailyCommercialAdvertiser_0003	14749	1866.09.05_Freeman'sJournalandDailyCommercialAdvertiser	52784
1866.09.05_Freeman'sJournalandDailyCommercialAdvertiser_0004	14742	1866.09.05_Freeman'sJournalandDailyCommercialAdvertiser	52784
1866.09.05_GlasgowHerald_0001	9982	1866.09.05_GlasgowHerald	85014
1866.09.05_GlasgowHerald_0002	10260	1866.09.05_GlasgowHerald	85014
1866.09.05_GlasgowHerald_0003	12005	1866.09.05_GlasgowHerald	85014
1866.09.05_GlasgowHerald_0004	10248	1866.09.05_GlasgowHerald	85014
1866.09.05_GlasgowHerald_0005	10905	1866.09.05_GlasgowHerald	85014
1866.09.05_GlasgowHerald_0006	12351	1866.09.05_GlasgowHerald	85014
1866.09.05_GlasgowHerald_0007	10030	1866.09.05_GlasgowHerald	85014
1866.09.05_GlasgowHerald_0008	9233	1866.09.05_GlasgowHerald	85014
1866.09.05_HampshireTelegraphandSussexChronicleetc_0001	7979	1866.09.05_HampshireTelegraphandSussexChronicleetc	41676
1866.09.05_HampshireTelegraphandSussexChronicleetc_0002	11011	1866.09.05_HampshireTelegraphandSussexChronicleetc	41676
1866.09.05_HampshireTelegraphandSussexChronicleetc_0003	11253	1866.09.05_HampshireTelegraphandSussexChronicleetc	41676
1866.09.05_HampshireTelegraphandSussexChronicleetc_0004	11433	1866.09.05_HampshireTelegraphandSussexChronicleetc	41676
1866.09.05_LiverpoolMercuryetc_0001	7976	1866.09.05_LiverpoolMercuryetc	85887
1866.09.05_LiverpoolMercuryetc_0002	10491	1866.09.05_LiverpoolMercuryetc	85887
1866.09.05_LiverpoolMercuryetc_0003	11665	1866.09.05_LiverpoolMercuryetc	85887
1866.09.05_LiverpoolMercuryetc_0004	10269	1866.09.05_LiverpoolMercuryetc	85887
1866.09.05_LiverpoolMercuryetc_0005	12031	1866.09.05_LiverpoolMercuryetc	85887
1866.09.05_LiverpoolMercuryetc_0006	10601	1866.09.05_LiverpoolMercuryetc	85887
1866.09.05_LiverpoolMercuryetc_0007	12256	1866.09.05_LiverpoolMercuryetc	85887
1866.09.05_LiverpoolMercuryetc_0008	10598	1866.09.05_LiverpoolMercuryetc	85887
1866.09.05_TheAberdeenJournal_0001	8044	1866.09.05_TheAberdeenJournal	97107
1866.09.05_TheAberdeenJournal_0002	10875	1866.09.05_TheAberdeenJournal	97107
1866.09.05_TheAberdeenJournal_0003	15006	1866.09.05_TheAberdeenJournal	97107
1866.09.05_TheAberdeenJournal_0004	10343	1866.09.05_TheAberdeenJournal	97107
1866.09.05_TheAberdeenJournal_0005	13587	1866.09.05_TheAberdeenJournal	97107
1866.09.05_TheAberdeenJournal_0006	13760	1866.09.05_TheAberdeenJournal	97107
1866.09.05_TheAberdeenJournal_0007	13610	1866.09.05_TheAberdeenJournal	97107
1866.09.05_TheAberdeenJournal_0008	11882	1866.09.05_TheAberdeenJournal	97107
1866.09.05_TheBelfastNews-Letter_0001	8486	1866.09.05_TheBelfastNews-Letter	49840
1866.09.05_TheBelfastNews-Letter_0002	10754	1866.09.05_TheBelfastNews-Letter	49840
1866.09.05_TheBelfastNews-Letter_0003	15523	1866.09.05_TheBelfastNews-Letter	49840
1866.09.05_TheBelfastNews-Letter_0004	15077	1866.09.05_TheBelfastNews-Letter	49840
1866.09.05_TheCaledonianMercury_0001	4697	1866.09.05_TheCaledonianMercury	27280
1866.09.05_TheCaledonianMercury_0002	7040	1866.09.05_TheCaledonianMercury	27280
1866.09.05_TheCaledonianMercury_0003	7586	1866.09.05_TheCaledonianMercury	27280
1866.09.05_TheCaledonianMercury_0004	7957	1866.09.05_TheCaledonianMercury	27280
1866.09.05_TheDerbyMercury_0001	6496	1866.09.05_TheDerbyMercury	82993
1866.09.05_TheDerbyMercury_0002	11662	1866.09.05_TheDerbyMercury	82993
1866.09.05_TheDerbyMercury_0003	12563	1866.09.05_TheDerbyMercury	82993
1866.09.05_TheDerbyMercury_0004	6778	1866.09.05_TheDerbyMercury	82993
1866.09.05_TheDerbyMercury_0005	9919	1866.09.05_TheDerbyMercury	82993
1866.09.05_TheDerbyMercury_0006	11710	1866.09.05_TheDerbyMercury	82993
1866.09.05_TheDerbyMercury_0007	12812	1866.09.05_TheDerbyMercury	82993
1866.09.05_TheDerbyMercury_0008	11053	1866.09.05_TheDerbyMercury	82993
1866.09.05_TheLeedsMercury_0001	12647	1866.09.05_TheLeedsMercury	54780
1866.09.05_TheLeedsMercury_0002	12994	1866.09.05_TheLeedsMercury	54780
1866.09.05_TheLeedsMercury_0003	15034	1866.09.05_TheLeedsMercury	54780
1866.09.05_TheLeedsMercury_0004	14105	1866.09.05_TheLeedsMercury	54780
1866.09.05_ThePallMallGazette_0001	1603	1866.09.05_ThePallMallGazette	28254
1866.09.05_ThePallMallGazette_0002	1970	1866.09.05_ThePallMallGazette	28254
1866.09.05_ThePallMallGazette_0003	2195	1866.09.05_ThePallMallGazette	28254
1866.09.05_ThePallMallGazette_0004	2532	1866.09.05_ThePallMallGazette	28254
1866.09.05_ThePallMallGazette_0005	2537	1866.09.05_ThePallMallGazette	28254
1866.09.05_ThePallMallGazette_0006	2071	1866.09.05_ThePallMallGazette	28254
1866.09.05_ThePallMallGazette_0007	2317	1866.09.05_ThePallMallGazette	28254
1866.09.05_ThePallMallGazette_0008	3475	1866.09.05_ThePallMallGazette	28254
1866.09.05_ThePallMallGazette_0009	2085	1866.09.05_ThePallMallGazette	28254
1866.09.05_ThePallMallGazette_0010	2063	1866.09.05_ThePallMallGazette	28254
1866.09.05_ThePallMallGazette_0011	2836	1866.09.05_ThePallMallGazette	28254
1866.09.05_ThePallMallGazette_0012	2570	1866.09.05_ThePallMallGazette	28254
1866.09.05_Times_0001	12630	1866.09.05_Times	136269
1866.09.05_Times_0002	12702	1866.09.05_Times	136269
1866.09.05_Times_0003	12724	1866.09.05_Times	136269
1866.09.05_Times_0004	6155	1866.09.05_Times	136269
1866.09.05_Times_0005	16543	1866.09.05_Times	136269
1866.09.05_Times_0006	7744	1866.09.05_Times	136269
1866.09.05_Times_0007	9456	1866.09.05_Times	136269
1866.09.05_Times_0008	9681	1866.09.05_Times	136269
1866.09.05_Times_0009	12098	1866.09.05_Times	136269
1866.09.05_Times_0010	11707	1866.09.05_Times	136269
1866.09.05_Times_0011	11834	1866.09.05_Times	136269
1866.09.05_Times_0012	12995	1866.09.05_Times	136269
1866.09.06_BirminghamDailyPost_0001	8833	1866.09.06_BirminghamDailyPost	84838
1866.09.06_BirminghamDailyPost_0002	8292	1866.09.06_BirminghamDailyPost	84838
1866.09.06_BirminghamDailyPost_0003	10601	1866.09.06_BirminghamDailyPost	84838
1866.09.06_BirminghamDailyPost_0004	10525	1866.09.06_BirminghamDailyPost	84838
1866.09.06_BirminghamDailyPost_0005	11695	1866.09.06_BirminghamDailyPost	84838
1866.09.06_BirminghamDailyPost_0006	11325	1866.09.06_BirminghamDailyPost	84838
1866.09.06_BirminghamDailyPost_0007	12067	1866.09.06_BirminghamDailyPost	84838
1866.09.06_BirminghamDailyPost_0008	11500	1866.09.06_BirminghamDailyPost	84838
1866.09.06_DailyNews_0001	9365	1866.09.06_DailyNews	83560
1866.09.06_DailyNews_0002	11360	1866.09.06_DailyNews	83560
1866.09.06_DailyNews_0003	12088	1866.09.06_DailyNews	83560
1866.09.06_DailyNews_0004	7144	1866.09.06_DailyNews	83560
1866.09.06_DailyNews_0005	9493	1866.09.06_DailyNews	83560
1866.09.06_DailyNews_0006	12625	1866.09.06_DailyNews	83560
1866.09.06_DailyNews_0007	10670	1866.09.06_DailyNews	83560
1866.09.06_DailyNews_0008	10815	1866.09.06_DailyNews	83560
1866.09.06_Freeman'sJournalandDailyCommercialAdvertiser_0001	11051	1866.09.06_Freeman'sJournalandDailyCommercialAdvertiser	51553
1866.09.06_Freeman'sJournalandDailyCommercialAdvertiser_0002	11408	1866.09.06_Freeman'sJournalandDailyCommercialAdvertiser	51553
1866.09.06_Freeman'sJournalandDailyCommercialAdvertiser_0003	14814	1866.09.06_Freeman'sJournalandDailyCommercialAdvertiser	51553
1866.09.06_Freeman'sJournalandDailyCommercialAdvertiser_0004	14280	1866.09.06_Freeman'sJournalandDailyCommercialAdvertiser	51553
1866.09.06_GlasgowHerald_0001	11734	1866.09.06_GlasgowHerald	50494
1866.09.06_GlasgowHerald_0002	13555	1866.09.06_GlasgowHerald	50494
1866.09.06_GlasgowHerald_0003	13479	1866.09.06_GlasgowHerald	50494
1866.09.06_GlasgowHerald_0004	11726	1866.09.06_GlasgowHerald	50494
1866.09.06_LiverpoolMercuryetc_0001	8091	1866.09.06_LiverpoolMercuryetc	86467
1866.09.06_LiverpoolMercuryetc_0002	10283	1866.09.06_LiverpoolMercuryetc	86467
1866.09.06_LiverpoolMercuryetc_0003	11312	1866.09.06_LiverpoolMercuryetc	86467
1866.09.06_LiverpoolMercuryetc_0004	10366	1866.09.06_LiverpoolMercuryetc	86467
1866.09.06_LiverpoolMercuryetc_0005	12997	1866.09.06_LiverpoolMercuryetc	86467
1866.09.06_LiverpoolMercuryetc_0006	11409	1866.09.06_LiverpoolMercuryetc	86467
1866.09.06_LiverpoolMercuryetc_0007	11064	1866.09.06_LiverpoolMercuryetc	86467
1866.09.06_LiverpoolMercuryetc_0008	10945	1866.09.06_LiverpoolMercuryetc	86467
1866.09.06_TheCaledonianMercury_0001	6038	1866.09.06_TheCaledonianMercury	29402
1866.09.06_TheCaledonianMercury_0002	6794	1866.09.06_TheCaledonianMercury	29402
1866.09.06_TheCaledonianMercury_0003	7928	1866.09.06_TheCaledonianMercury	29402
1866.09.06_TheCaledonianMercury_0004	8642	1866.09.06_TheCaledonianMercury	29402
1866.09.06_TheLeedsMercury_0001	11908	1866.09.06_TheLeedsMercury	54600
1866.09.06_TheLeedsMercury_0002	12785	1866.09.06_TheLeedsMercury	54600
1866.09.06_TheLeedsMercury_0003	14886	1866.09.06_TheLeedsMercury	54600
1866.09.06_TheLeedsMercury_0004	15021	1866.09.06_TheLeedsMercury	54600
1866.09.06_ThePallMallGazette_0001	1529	1866.09.06_ThePallMallGazette	28873
1866.09.06_ThePallMallGazette_0002	2081	1866.09.06_ThePallMallGazette	28873
1866.09.06_ThePallMallGazette_0003	2140	1866.09.06_ThePallMallGazette	28873
1866.09.06_ThePallMallGazette_0004	2571	1866.09.06_ThePallMallGazette	28873
1866.09.06_ThePallMallGazette_0005	2558	1866.09.06_ThePallMallGazette	28873
1866.09.06_ThePallMallGazette_0006	2054	1866.09.06_ThePallMallGazette	28873
1866.09.06_ThePallMallGazette_0007	2492	1866.09.06_ThePallMallGazette	28873
1866.09.06_ThePallMallGazette_0008	3485	1866.09.06_ThePallMallGazette	28873
1866.09.06_ThePallMallGazette_0009	2047	1866.09.06_ThePallMallGazette	28873
1866.09.06_ThePallMallGazette_0010	2204	1866.09.06_ThePallMallGazette	28873
1866.09.06_ThePallMallGazette_0011	2868	1866.09.06_ThePallMallGazette	28873
1866.09.06_ThePallMallGazette_0012	2844	1866.09.06_ThePallMallGazette	28873
1866.09.06_Times_0001	13081	1866.09.06_Times	137616
1866.09.06_Times_0002	11257	1866.09.06_Times	137616
1866.09.06_Times_0003	12981	1866.09.06_Times	137616
1866.09.06_Times_0004	12332	1866.09.06_Times	137616
1866.09.06_Times_0005	7821	1866.09.06_Times	137616
1866.09.06_Times_0006	9976	1866.09.06_Times	137616
1866.09.06_Times_0007	10472	1866.09.06_Times	137616
1866.09.06_Times_0008	10678	1866.09.06_Times	137616
1866.09.06_Times_0009	11941	1866.09.06_Times	137616
1866.09.06_Times_0010	10111	1866.09.06_Times	137616
1866.09.06_Times_0011	12930	1866.09.06_Times	137616
1866.09.06_Times_0012	14036	1866.09.06_Times	137616
1866.09.07_BirminghamDailyPost_0001	10580	1866.09.07_BirminghamDailyPost	52050
1866.09.07_BirminghamDailyPost_0002	12618	1866.09.07_BirminghamDailyPost	52050
1866.09.07_BirminghamDailyPost_0003	13891	1866.09.07_BirminghamDailyPost	52050
1866.09.07_BirminghamDailyPost_0004	14961	1866.09.07_BirminghamDailyPost	52050
1866.09.07_DailyNews_0001	9462	1866.09.07_DailyNews	81969
1866.09.07_DailyNews_0002	10973	1866.09.07_DailyNews	81969
1866.09.07_DailyNews_0003	11997	1866.09.07_DailyNews	81969
1866.09.07_DailyNews_0004	7834	1866.09.07_DailyNews	81969
1866.09.07_DailyNews_0005	9190	1866.09.07_DailyNews	81969
1866.09.07_DailyNews_0006	11304	1866.09.07_DailyNews	81969
1866.09.07_DailyNews_0007	10759	1866.09.07_DailyNews	81969
1866.09.07_DailyNews_0008	10450	1866.09.07_DailyNews	81969
1866.09.07_Freeman'sJournalandDailyCommercialAdvertiser_0001	10794	1866.09.07_Freeman'sJournalandDailyCommercialAdvertiser	51289
1866.09.07_Freeman'sJournalandDailyCommercialAdvertiser_0002	11970	1866.09.07_Freeman'sJournalandDailyCommercialAdvertiser	51289
1866.09.07_Freeman'sJournalandDailyCommercialAdvertiser_0003	14816	1866.09.07_Freeman'sJournalandDailyCommercialAdvertiser	51289
1866.09.07_Freeman'sJournalandDailyCommercialAdvertiser_0004	13709	1866.09.07_Freeman'sJournalandDailyCommercialAdvertiser	51289
1866.09.07_GlasgowHerald_0001	11476	1866.09.07_GlasgowHerald	84335
1866.09.07_GlasgowHerald_0002	9857	1866.09.07_GlasgowHerald	84335
1866.09.07_GlasgowHerald_0003	11849	1866.09.07_GlasgowHerald	84335
1866.09.07_GlasgowHerald_0004	9632	1866.09.07_GlasgowHerald	84335
1866.09.07_GlasgowHerald_0005	10175	1866.09.07_GlasgowHerald	84335
1866.09.07_GlasgowHerald_0006	11124	1866.09.07_GlasgowHerald	84335
1866.09.07_GlasgowHerald_0007	11429	1866.09.07_GlasgowHerald	84335
1866.09.07_GlasgowHerald_0008	8793	1866.09.07_GlasgowHerald	84335
1866.09.07_LiverpoolMercuryetc_0001	8964	1866.09.07_LiverpoolMercuryetc	131674
1866.09.07_LiverpoolMercuryetc_0002	11160	1866.09.07_LiverpoolMercuryetc	131674
1866.09.07_LiverpoolMercuryetc_0003	13708	1866.09.07_LiverpoolMercuryetc	131674
1866.09.07_LiverpoolMercuryetc_0004	12206	1866.09.07_LiverpoolMercuryetc	131674
1866.09.07_LiverpoolMercuryetc_0005	12652	1866.09.07_LiverpoolMercuryetc	131674
1866.09.07_LiverpoolMercuryetc_0006	13365	1866.09.07_LiverpoolMercuryetc	131674
1866.09.07_LiverpoolMercuryetc_0007	13776	1866.09.07_LiverpoolMercuryetc	131674
1866.09.07_LiverpoolMercuryetc_0008	13062	1866.09.07_LiverpoolMercuryetc	131674
1866.09.07_LiverpoolMercuryetc_0009	15151	1866.09.07_LiverpoolMercuryetc	131674
1866.09.07_LiverpoolMercuryetc_0010	17630	1866.09.07_LiverpoolMercuryetc	131674
1866.09.07_TheBelfastNews-Letter_0001	7329	1866.09.07_TheBelfastNews-Letter	47282
1866.09.07_TheBelfastNews-Letter_0002	10918	1866.09.07_TheBelfastNews-Letter	47282
1866.09.07_TheBelfastNews-Letter_0003	13967	1866.09.07_TheBelfastNews-Letter	47282
1866.09.07_TheBelfastNews-Letter_0004	15068	1866.09.07_TheBelfastNews-Letter	47282
1866.09.07_TheCaledonianMercury_0001	6068	1866.09.07_TheCaledonianMercury	28919
1866.09.07_TheCaledonianMercury_0002	7022	1866.09.07_TheCaledonianMercury	28919
1866.09.07_TheCaledonianMercury_0003	7403	1866.09.07_TheCaledonianMercury	28919
1866.09.07_TheCaledonianMercury_0004	8426	1866.09.07_TheCaledonianMercury	28919
1866.09.07_TheHullPacketandEastRidingTimes_0001	5710	1866.09.07_TheHullPacketandEastRidingTimes	78431
1866.09.07_TheHullPacketandEastRidingTimes_0002	10564	1866.09.07_TheHullPacketandEastRidingTimes	78431
1866.09.07_TheHullPacketandEastRidingTimes_0003	11392	1866.09.07_TheHullPacketandEastRidingTimes	78431
1866.09.07_TheHullPacketandEastRidingTimes_0004	8277	1866.09.07_TheHullPacketandEastRidingTimes	78431
1866.09.07_TheHullPacketandEastRidingTimes_0005	10933	1866.09.07_TheHullPacketandEastRidingTimes	78431
1866.09.07_TheHullPacketandEastRidingTimes_0006	11147	1866.09.07_TheHullPacketandEastRidingTimes	78431
1866.09.07_TheHullPacketandEastRidingTimes_0007	11298	1866.09.07_TheHullPacketandEastRidingTimes	78431
1866.09.07_TheHullPacketandEastRidingTimes_0008	9110	1866.09.07_TheHullPacketandEastRidingTimes	78431
1866.09.07_TheLeedsMercury_0001	12620	1866.09.07_TheLeedsMercury	53741
1866.09.07_TheLeedsMercury_0002	12994	1866.09.07_TheLeedsMercury	53741
1866.09.07_TheLeedsMercury_0003	14208	1866.09.07_TheLeedsMercury	53741
1866.09.07_TheLeedsMercury_0004	13919	1866.09.07_TheLeedsMercury	53741
1866.09.07_TheNewcastleCourantetc_0001	7923	1866.09.07_TheNewcastleCourantetc	99403
1866.09.07_TheNewcastleCourantetc_0002	14535	1866.09.07_TheNewcastleCourantetc	99403
1866.09.07_TheNewcastleCourantetc_0003	13533	1866.09.07_TheNewcastleCourantetc	99403
1866.09.07_TheNewcastleCourantetc_0004	10418	1866.09.07_TheNewcastleCourantetc	99403
1866.09.07_TheNewcastleCourantetc_0005	13568	1866.09.07_TheNewcastleCourantetc	99403
1866.09.07_TheNewcastleCourantetc_0006	14124	1866.09.07_TheNewcastleCourantetc	99403
1866.09.07_TheNewcastleCourantetc_0007	13077	1866.09.07_TheNewcastleCourantetc	99403
1866.09.07_TheNewcastleCourantetc_0008	12225	1866.09.07_TheNewcastleCourantetc	99403
1866.09.07_ThePallMallGazette_0001	1635	1866.09.07_ThePallMallGazette	29129
1866.09.07_ThePallMallGazette_0002	2051	1866.09.07_ThePallMallGazette	29129
1866.09.07_ThePallMallGazette_0003	2125	1866.09.07_ThePallMallGazette	29129
1866.09.07_ThePallMallGazette_0004	2646	1866.09.07_ThePallMallGazette	29129
1866.09.07_ThePallMallGazette_0005	2675	1866.09.07_ThePallMallGazette	29129
1866.09.07_ThePallMallGazette_0006	2107	1866.09.07_ThePallMallGazette	29129
1866.09.07_ThePallMallGazette_0007	2277	1866.09.07_ThePallMallGazette	29129
1866.09.07_ThePallMallGazette_0008	3472	1866.09.07_ThePallMallGazette	29129
1866.09.07_ThePallMallGazette_0009	2100	1866.09.07_ThePallMallGazette	29129
1866.09.07_ThePallMallGazette_0010	2197	1866.09.07_ThePallMallGazette	29129
1866.09.07_ThePallMallGazette_0011	3261	1866.09.07_ThePallMallGazette	29129
1866.09.07_ThePallMallGazette_0012	2583	1866.09.07_ThePallMallGazette	29129
1866.09.07_Times_0001	11432	1866.09.07_Times	130495
1866.09.07_Times_0002	12414	1866.09.07_Times	130495
1866.09.07_Times_0003	13981	1866.09.07_Times	130495
1866.09.07_Times_0004	12261	1866.09.07_Times	130495
1866.09.07_Times_0005	6297	1866.09.07_Times	130495
1866.09.07_Times_0006	8551	1866.09.07_Times	130495
1866.09.07_Times_0007	10732	1866.09.07_Times	130495
1866.09.07_Times_0008	10610	1866.09.07_Times	130495
1866.09.07_Times_0009	11676	1866.09.07_Times	130495
1866.09.07_Times_0010	7983	1866.09.07_Times	130495
1866.09.07_Times_0011	11942	1866.09.07_Times	130495
1866.09.07_Times_0012	12616	1866.09.07_Times	130495
1866.09.08_BaneracAmserauCymru_0001	3182	1866.09.08_BaneracAmserauCymru	37132
1866.09.08_BaneracAmserauCymru_0002	5016	1866.09.08_BaneracAmserauCymru	37132
1866.09.08_BaneracAmserauCymru_0003	5013	1866.09.08_BaneracAmserauCymru	37132
1866.09.08_BaneracAmserauCymru_0004	4395	1866.09.08_BaneracAmserauCymru	37132
1866.09.08_BaneracAmserauCymru_0005	5110	1866.09.08_BaneracAmserauCymru	37132
1866.09.08_BaneracAmserauCymru_0006	4502	1866.09.08_BaneracAmserauCymru	37132
1866.09.08_BaneracAmserauCymru_0007	5779	1866.09.08_BaneracAmserauCymru	37132
1866.09.08_BaneracAmserauCymru_0008	4135	1866.09.08_BaneracAmserauCymru	37132
1866.09.08_BirminghamDailyPost_0001	10059	1866.09.08_BirminghamDailyPost	50148
1866.09.08_BirminghamDailyPost_0002	12169	1866.09.08_BirminghamDailyPost	50148
1866.09.08_BirminghamDailyPost_0003	13720	1866.09.08_BirminghamDailyPost	50148
1866.09.08_BirminghamDailyPost_0004	14200	1866.09.08_BirminghamDailyPost	50148
1866.09.08_DailyNews_0001	8972	1866.09.08_DailyNews	82055
1866.09.08_DailyNews_0002	11663	1866.09.08_DailyNews	82055
1866.09.08_DailyNews_0003	12195	1866.09.08_DailyNews	82055
1866.09.08_DailyNews_0004	8168	1866.09.08_DailyNews	82055
1866.09.08_DailyNews_0005	9537	1866.09.08_DailyNews	82055
1866.09.08_DailyNews_0006	11476	1866.09.08_DailyNews	82055
1866.09.08_DailyNews_0007	10180	1866.09.08_DailyNews	82055
1866.09.08_DailyNews_0008	9864	1866.09.08_DailyNews	82055
1866.09.08_Freeman'sJournalandDailyCommercialAdvertiser_0001	11010	1866.09.08_Freeman'sJournalandDailyCommercialAdvertiser	49814
1866.09.08_Freeman'sJournalandDailyCommercialAdvertiser_0002	12303	1866.09.08_Freeman'sJournalandDailyCommercialAdvertiser	49814
1866.09.08_Freeman'sJournalandDailyCommercialAdvertiser_0003	12587	1866.09.08_Freeman'sJournalandDailyCommercialAdvertiser	49814
1866.09.08_Freeman'sJournalandDailyCommercialAdvertiser_0004	13914	1866.09.08_Freeman'sJournalandDailyCommercialAdvertiser	49814
1866.09.08_GlasgowHerald_0001	9472	1866.09.08_GlasgowHerald	84593
1866.09.08_GlasgowHerald_0002	11655	1866.09.08_GlasgowHerald	84593
1866.09.08_GlasgowHerald_0003	10702	1866.09.08_GlasgowHerald	84593
1866.09.08_GlasgowHerald_0004	9731	1866.09.08_GlasgowHerald	84593
1866.09.08_GlasgowHerald_0005	10543	1866.09.08_GlasgowHerald	84593
1866.09.08_GlasgowHerald_0006	12246	1866.09.08_GlasgowHerald	84593
1866.09.08_GlasgowHerald_0007	10115	1866.09.08_GlasgowHerald	84593
1866.09.08_GlasgowHerald_0008	10129	1866.09.08_GlasgowHerald	84593
1866.09.08_HampshireTelegraphandSussexChronicleetc_0001	7971	1866.09.08_HampshireTelegraphandSussexChronicleetc	83895
1866.09.08_HampshireTelegraphandSussexChronicleetc_0002	8624	1866.09.08_HampshireTelegraphandSussexChronicleetc	83895
1866.09.08_HampshireTelegraphandSussexChronicleetc_0003	11703	1866.09.08_HampshireTelegraphandSussexChronicleetc	83895
1866.09.08_HampshireTelegraphandSussexChronicleetc_0004	9070	1866.09.08_HampshireTelegraphandSussexChronicleetc	83895
1866.09.08_HampshireTelegraphandSussexChronicleetc_0005	11947	1866.09.08_HampshireTelegraphandSussexChronicleetc	83895
1866.09.08_HampshireTelegraphandSussexChronicleetc_0006	12106	1866.09.08_HampshireTelegraphandSussexChronicleetc	83895
1866.09.08_HampshireTelegraphandSussexChronicleetc_0007	12097	1866.09.08_HampshireTelegraphandSussexChronicleetc	83895
1866.09.08_HampshireTelegraphandSussexChronicleetc_0008	10377	1866.09.08_HampshireTelegraphandSussexChronicleetc	83895
1866.09.08_Jackson'sOxfordJournal_0001	7536	1866.09.08_Jackson'sOxfordJournal	86459
1866.09.08_Jackson'sOxfordJournal_0002	10247	1866.09.08_Jackson'sOxfordJournal	86459
1866.09.08_Jackson'sOxfordJournal_0003	11425	1866.09.08_Jackson'sOxfordJournal	86459
1866.09.08_Jackson'sOxfordJournal_0004	10170	1866.09.08_Jackson'sOxfordJournal	86459
1866.09.08_Jackson'sOxfordJournal_0005	12261	1866.09.08_Jackson'sOxfordJournal	86459
1866.09.08_Jackson'sOxfordJournal_0006	12457	1866.09.08_Jackson'sOxfordJournal	86459
1866.09.08_Jackson'sOxfordJournal_0007	10663	1866.09.08_Jackson'sOxfordJournal	86459
1866.09.08_Jackson'sOxfordJournal_0008	11700	1866.09.08_Jackson'sOxfordJournal	86459
1866.09.08_LiverpoolMercuryetc_0001	8466	1866.09.08_LiverpoolMercuryetc	90363
1866.09.08_LiverpoolMercuryetc_0002	12095	1866.09.08_LiverpoolMercuryetc	90363
1866.09.08_LiverpoolMercuryetc_0003	11076	1866.09.08_LiverpoolMercuryetc	90363
1866.09.08_LiverpoolMercuryetc_0004	10272	1866.09.08_LiverpoolMercuryetc	90363
1866.09.08_LiverpoolMercuryetc_0005	13813	1866.09.08_LiverpoolMercuryetc	90363
1866.09.08_LiverpoolMercuryetc_0006	11767	1866.09.08_LiverpoolMercuryetc	90363
1866.09.08_LiverpoolMercuryetc_0007	12123	1866.09.08_LiverpoolMercuryetc	90363
1866.09.08_LiverpoolMercuryetc_0008	10751	1866.09.08_LiverpoolMercuryetc	90363
1866.09.08_ManchesterTimes_0001	8959	1866.09.08_ManchesterTimes	91149
1866.09.08_ManchesterTimes_0002	12650	1866.09.08_ManchesterTimes	91149
1866.09.08_ManchesterTimes_0003	13735	1866.09.08_ManchesterTimes	91149
1866.09.08_ManchesterTimes_0004	9914	1866.09.08_ManchesterTimes	91149
1866.09.08_ManchesterTimes_0005	12311	1866.09.08_ManchesterTimes	91149
1866.09.08_ManchesterTimes_0006	12038	1866.09.08_ManchesterTimes	91149
1866.09.08_ManchesterTimes_0007	12407	1866.09.08_ManchesterTimes	91149
1866.09.08_ManchesterTimes_0008	9135	1866.09.08_ManchesterTimes	91149
1866.09.08_ManchesterTimes_S0001	4577	1866.09.08_ManchesterTimes_	42129
1866.09.08_ManchesterTimes_S0002	5223	1866.09.08_ManchesterTimes_	42129
1866.09.08_ManchesterTimes_S0003	4869	1866.09.08_ManchesterTimes_	42129
1866.09.08_ManchesterTimes_S0004	5247	1866.09.08_ManchesterTimes_	42129
1866.09.08_ManchesterTimes_S0005	5939	1866.09.08_ManchesterTimes_	42129
1866.09.08_ManchesterTimes_S0006	4883	1866.09.08_ManchesterTimes_	42129
1866.09.08_ManchesterTimes_S0007	5730	1866.09.08_ManchesterTimes_	42129
1866.09.08_ManchesterTimes_S0008	5661	1866.09.08_ManchesterTimes_	42129
1866.09.08_NorthWalesChronicle_0001	6197	1866.09.08_NorthWalesChronicle	71497
1866.09.08_NorthWalesChronicle_0002	9684	1866.09.08_NorthWalesChronicle	71497
1866.09.08_NorthWalesChronicle_0003	9944	1866.09.08_NorthWalesChronicle	71497
1866.09.08_NorthWalesChronicle_0004	8019	1866.09.08_NorthWalesChronicle	71497
1866.09.08_NorthWalesChronicle_0005	10214	1866.09.08_NorthWalesChronicle	71497
1866.09.08_NorthWalesChronicle_0006	7662	1866.09.08_NorthWalesChronicle	71497
1866.09.08_NorthWalesChronicle_0007	9026	1866.09.08_NorthWalesChronicle	71497
1866.09.08_NorthWalesChronicle_0008	10751	1866.09.08_NorthWalesChronicle	71497
1866.09.08_TheBelfastNews-Letter_0001	8158	1866.09.08_TheBelfastNews-Letter	46773
1866.09.08_TheBelfastNews-Letter_0002	9915	1866.09.08_TheBelfastNews-Letter	46773
1866.09.08_TheBelfastNews-Letter_0003	13650	1866.09.08_TheBelfastNews-Letter	46773
1866.09.08_TheBelfastNews-Letter_0004	15050	1866.09.08_TheBelfastNews-Letter	46773
1866.09.08_TheBristolMercury_0001	12522	1866.09.08_TheBristolMercury	116535
1866.09.08_TheBristolMercury_0002	10781	1866.09.08_TheBristolMercury	116535
1866.09.08_TheBristolMercury_0003	15968	1866.09.08_TheBristolMercury	116535
1866.09.08_TheBristolMercury_0004	10306	1866.09.08_TheBristolMercury	116535
1866.09.08_TheBristolMercury_0005	14094	1866.09.08_TheBristolMercury	116535
1866.09.08_TheBristolMercury_0006	19153	1866.09.08_TheBristolMercury	116535
1866.09.08_TheBristolMercury_0007	16239	1866.09.08_TheBristolMercury	116535
1866.09.08_TheBristolMercury_0008	17472	1866.09.08_TheBristolMercury	116535
1866.09.08_TheCaledonianMercury_0001	5879	1866.09.08_TheCaledonianMercury	28937
1866.09.08_TheCaledonianMercury_0002	7017	1866.09.08_TheCaledonianMercury	28937
1866.09.08_TheCaledonianMercury_0003	7528	1866.09.08_TheCaledonianMercury	28937
1866.09.08_TheCaledonianMercury_0004	8513	1866.09.08_TheCaledonianMercury	28937
1866.09.08_TheExaminer_0001	2755	1866.09.08_TheExaminer	53459
1866.09.08_TheExaminer_0002	3165	1866.09.08_TheExaminer	53459
1866.09.08_TheExaminer_0003	3244	1866.09.08_TheExaminer	53459
1866.09.08_TheExaminer_0004	3339	1866.09.08_TheExaminer	53459
1866.09.08_TheExaminer_0005	3445	1866.09.08_TheExaminer	53459
1866.09.08_TheExaminer_0006	3175	1866.09.08_TheExaminer	53459
1866.09.08_TheExaminer_0007	3572	1866.09.08_TheExaminer	53459
1866.09.08_TheExaminer_0008	2562	1866.09.08_TheExaminer	53459
1866.09.08_TheExaminer_0009	3279	1866.09.08_TheExaminer	53459
1866.09.08_TheExaminer_0010	3633	1866.09.08_TheExaminer	53459
1866.09.08_TheExaminer_0011	3969	1866.09.08_TheExaminer	53459
1866.09.08_TheExaminer_0012	3936	1866.09.08_TheExaminer	53459
1866.09.08_TheExaminer_0013	2845	1866.09.08_TheExaminer	53459
1866.09.08_TheExaminer_0014	3606	1866.09.08_TheExaminer	53459
1866.09.08_TheExaminer_0015	3442	1866.09.08_TheExaminer	53459
1866.09.08_TheExaminer_0016	3492	1866.09.08_TheExaminer	53459
1866.09.08_TheIpswichJournal_0001	5849	1866.09.08_TheIpswichJournal	63798
1866.09.08_TheIpswichJournal_0002	6705	1866.09.08_TheIpswichJournal	63798
1866.09.08_TheIpswichJournal_0003	7766	1866.09.08_TheIpswichJournal	63798
1866.09.08_TheIpswichJournal_0004	6619	1866.09.08_TheIpswichJournal	63798
1866.09.08_TheIpswichJournal_0005	11196	1866.09.08_TheIpswichJournal	63798
1866.09.08_TheIpswichJournal_0006	3506	1866.09.08_TheIpswichJournal	63798
1866.09.08_TheIpswichJournal_0007	11220	1866.09.08_TheIpswichJournal	63798
1866.09.08_TheIpswichJournal_0008	10937	1866.09.08_TheIpswichJournal	63798
1866.09.08_TheLeedsMercury_0001	10487	1866.09.08_TheLeedsMercury	115439
1866.09.08_TheLeedsMercury_0002	12847	1866.09.08_TheLeedsMercury	115439
1866.09.08_TheLeedsMercury_0003	11308	1866.09.08_TheLeedsMercury	115439
1866.09.08_TheLeedsMercury_0004	10495	1866.09.08_TheLeedsMercury	115439
1866.09.08_TheLeedsMercury_0005	10871	1866.09.08_TheLeedsMercury	115439
1866.09.08_TheLeedsMercury_0006	10773	1866.09.08_TheLeedsMercury	115439
1866.09.08_TheLeedsMercury_0007	12257	1866.09.08_TheLeedsMercury	115439
1866.09.08_TheLeedsMercury_0008	11508	1866.09.08_TheLeedsMercury	115439
1866.09.08_TheLeedsMercury_0009	12964	1866.09.08_TheLeedsMercury	115439
1866.09.08_TheLeedsMercury_0010	11929	1866.09.08_TheLeedsMercury	115439
1866.09.08_TheLeedsMercury_S0001	10642	1866.09.08_TheLeedsMercury_	47064
1866.09.08_TheLeedsMercury_S0002	12885	1866.09.08_TheLeedsMercury_	47064
1866.09.08_TheLeedsMercury_S0003	11892	1866.09.08_TheLeedsMercury_	47064
1866.09.08_TheLeedsMercury_S0004	11645	1866.09.08_TheLeedsMercury_	47064
1866.09.08_ThePallMallGazette_0001	1649	1866.09.08_ThePallMallGazette	39475
1866.09.08_ThePallMallGazette_0002	2035	1866.09.08_ThePallMallGazette	39475
1866.09.08_ThePallMallGazette_0003	2230	1866.09.08_ThePallMallGazette	39475
1866.09.08_ThePallMallGazette_0004	2196	1866.09.08_ThePallMallGazette	39475
1866.09.08_ThePallMallGazette_0005	2367	1866.09.08_ThePallMallGazette	39475
1866.09.08_ThePallMallGazette_0006	2577	1866.09.08_ThePallMallGazette	39475
1866.09.08_ThePallMallGazette_0007	2641	1866.09.08_ThePallMallGazette	39475
1866.09.08_ThePallMallGazette_0008	2232	1866.09.08_ThePallMallGazette	39475
1866.09.08_ThePallMallGazette_0009	2543	1866.09.08_ThePallMallGazette	39475
1866.09.08_ThePallMallGazette_0010	3489	1866.09.08_ThePallMallGazette	39475
1866.09.08_ThePallMallGazette_0011	2218	1866.09.08_ThePallMallGazette	39475
1866.09.08_ThePallMallGazette_0012	2158	1866.09.08_ThePallMallGazette	39475
1866.09.08_ThePallMallGazette_0013	2204	1866.09.08_ThePallMallGazette	39475
1866.09.08_ThePallMallGazette_0014	3397	1866.09.08_ThePallMallGazette	39475
1866.09.08_ThePallMallGazette_0015	3061	1866.09.08_ThePallMallGazette	39475
1866.09.08_ThePallMallGazette_0016	2478	1866.09.08_ThePallMallGazette	39475
1866.09.08_ThePrestonGuardianetc_0001	7396	1866.09.08_ThePrestonGuardianetc	92703
1866.09.08_ThePrestonGuardianetc_0002	12577	1866.09.08_ThePrestonGuardianetc	92703
1866.09.08_ThePrestonGuardianetc_0003	13332	1866.09.08_ThePrestonGuardianetc	92703
1866.09.08_ThePrestonGuardianetc_0004	10695	1866.09.08_ThePrestonGuardianetc	92703
1866.09.08_ThePrestonGuardianetc_0005	13844	1866.09.08_ThePrestonGuardianetc	92703
1866.09.08_ThePrestonGuardianetc_0006	13376	1866.09.08_ThePrestonGuardianetc	92703
1866.09.08_ThePrestonGuardianetc_0007	12448	1866.09.08_ThePrestonGuardianetc	92703
1866.09.08_ThePrestonGuardianetc_0008	9035	1866.09.08_ThePrestonGuardianetc	92703
1866.09.08_Times_0001	11458	1866.09.08_Times	189314
1866.09.08_Times_0002	11845	1866.09.08_Times	189314
1866.09.08_Times_0003	11959	1866.09.08_Times	189314
1866.09.08_Times_0004	16051	1866.09.08_Times	189314
1866.09.08_Times_0005	12587	1866.09.08_Times	189314
1866.09.08_Times_0006	12062	1866.09.08_Times	189314
1866.09.08_Times_0007	5817	1866.09.08_Times	189314
1866.09.08_Times_0008	9315	1866.09.08_Times	189314
1866.09.08_Times_0009	10340	1866.09.08_Times	189314
1866.09.08_Times_0010	10353	1866.09.08_Times	189314
1866.09.08_Times_0011	12874	1866.09.08_Times	189314
1866.09.08_Times_0012	9424	1866.09.08_Times	189314
1866.09.08_Times_0013	12162	1866.09.08_Times	189314
1866.09.08_Times_0014	12717	1866.09.08_Times	189314
1866.09.08_Times_0015	14207	1866.09.08_Times	189314
1866.09.08_Times_0016	16143	1866.09.08_Times	189314
1866.09.09_Lloyd'sWeeklyNewspaper_0001	5785	1866.09.09_Lloyd'sWeeklyNewspaper	83470
1866.09.09_Lloyd'sWeeklyNewspaper_0002	7581	1866.09.09_Lloyd'sWeeklyNewspaper	83470
1866.09.09_Lloyd'sWeeklyNewspaper_0003	6947	1866.09.09_Lloyd'sWeeklyNewspaper	83470
1866.09.09_Lloyd'sWeeklyNewspaper_0004	7664	1866.09.09_Lloyd'sWeeklyNewspaper	83470
1866.09.09_Lloyd'sWeeklyNewspaper_0005	7628	1866.09.09_Lloyd'sWeeklyNewspaper	83470
1866.09.09_Lloyd'sWeeklyNewspaper_0006	5816	1866.09.09_Lloyd'sWeeklyNewspaper	83470
1866.09.09_Lloyd'sWeeklyNewspaper_0007	8105	1866.09.09_Lloyd'sWeeklyNewspaper	83470
1866.09.09_Lloyd'sWeeklyNewspaper_0008	7401	1866.09.09_Lloyd'sWeeklyNewspaper	83470
1866.09.09_Lloyd'sWeeklyNewspaper_0009	6002	1866.09.09_Lloyd'sWeeklyNewspaper	83470
1866.09.09_Lloyd'sWeeklyNewspaper_0010	5645	1866.09.09_Lloyd'sWeeklyNewspaper	83470
1866.09.09_Lloyd'sWeeklyNewspaper_0011	7948	1866.09.09_Lloyd'sWeeklyNewspaper	83470
1866.09.09_Lloyd'sWeeklyNewspaper_0012	6948	1866.09.09_Lloyd'sWeeklyNewspaper	83470
1866.09.09_Reynolds'sNewspaper_0001	9957	1866.09.09_Reynolds'sNewspaper	86654
1866.09.09_Reynolds'sNewspaper_0002	11201	1866.09.09_Reynolds'sNewspaper	86654
1866.09.09_Reynolds'sNewspaper_0003	11195	1866.09.09_Reynolds'sNewspaper	86654
1866.09.09_Reynolds'sNewspaper_0004	10241	1866.09.09_Reynolds'sNewspaper	86654
1866.09.09_Reynolds'sNewspaper_0005	11795	1866.09.09_Reynolds'sNewspaper	86654
1866.09.09_Reynolds'sNewspaper_0006	12078	1866.09.09_Reynolds'sNewspaper	86654
1866.09.09_Reynolds'sNewspaper_0007	9363	1866.09.09_Reynolds'sNewspaper	86654
1866.09.09_Reynolds'sNewspaper_0008	10824	1866.09.09_Reynolds'sNewspaper	86654
1866.09.09_TheEra_0001	4647	1866.09.09_TheEra	106876
1866.09.09_TheEra_0002	6433	1866.09.09_TheEra	106876
1866.09.09_TheEra_0003	6980	1866.09.09_TheEra	106876
1866.09.09_TheEra_0004	7597	1866.09.09_TheEra	106876
1866.09.09_TheEra_0005	7316	1866.09.09_TheEra	106876
1866.09.09_TheEra_0006	6885	1866.09.09_TheEra	106876
1866.09.09_TheEra_0007	7498	1866.09.09_TheEra	106876
1866.09.09_TheEra_0008	6294	1866.09.09_TheEra	106876
1866.09.09_TheEra_0009	5724	1866.09.09_TheEra	106876
1866.09.09_TheEra_0010	7058	1866.09.09_TheEra	106876
1866.09.09_TheEra_0011	6365	1866.09.09_TheEra	106876
1866.09.09_TheEra_0012	7642	1866.09.09_TheEra	106876
1866.09.09_TheEra_0013	8176	1866.09.09_TheEra	106876
1866.09.09_TheEra_0014	7167	1866.09.09_TheEra	106876
1866.09.09_TheEra_0015	5614	1866.09.09_TheEra	106876
1866.09.09_TheEra_0016	5480	1866.09.09_TheEra	106876
1866.09.10_BirminghamDailyPost_0001	10360	1866.09.10_BirminghamDailyPost	86032
1866.09.10_BirminghamDailyPost_0002	9180	1866.09.10_BirminghamDailyPost	86032
1866.09.10_BirminghamDailyPost_0003	10995	1866.09.10_BirminghamDailyPost	86032
1866.09.10_BirminghamDailyPost_0004	9768	1866.09.10_BirminghamDailyPost	86032
1866.09.10_BirminghamDailyPost_0005	12159	1866.09.10_BirminghamDailyPost	86032
1866.09.10_BirminghamDailyPost_0006	12227	1866.09.10_BirminghamDailyPost	86032
1866.09.10_BirminghamDailyPost_0007	11144	1866.09.10_BirminghamDailyPost	86032
1866.09.10_BirminghamDailyPost_0008	10199	1866.09.10_BirminghamDailyPost	86032
1866.09.10_DailyNews_0001	9581	1866.09.10_DailyNews	82825
1866.09.10_DailyNews_0002	11587	1866.09.10_DailyNews	82825
1866.09.10_DailyNews_0003	12361	1866.09.10_DailyNews	82825
1866.09.10_DailyNews_0004	8409	1866.09.10_DailyNews	82825
1866.09.10_DailyNews_0005	7860	1866.09.10_DailyNews	82825
1866.09.10_DailyNews_0006	11579	1866.09.10_DailyNews	82825
1866.09.10_DailyNews_0007	11036	1866.09.10_DailyNews	82825
1866.09.10_DailyNews_0008	10412	1866.09.10_DailyNews	82825
1866.09.10_Freeman'sJournalandDailyCommercialAdvertiser_0001	11208	1866.09.10_Freeman'sJournalandDailyCommercialAdvertiser	50308
1866.09.10_Freeman'sJournalandDailyCommercialAdvertiser_0002	11416	1866.09.10_Freeman'sJournalandDailyCommercialAdvertiser	50308
1866.09.10_Freeman'sJournalandDailyCommercialAdvertiser_0003	13568	1866.09.10_Freeman'sJournalandDailyCommercialAdvertiser	50308
1866.09.10_Freeman'sJournalandDailyCommercialAdvertiser_0004	14116	1866.09.10_Freeman'sJournalandDailyCommercialAdvertiser	50308
1866.09.10_GlasgowHerald_0001	9072	1866.09.10_GlasgowHerald	83451
1866.09.10_GlasgowHerald_0002	9664	1866.09.10_GlasgowHerald	83451
1866.09.10_GlasgowHerald_0003	11059	1866.09.10_GlasgowHerald	83451
1866.09.10_GlasgowHerald_0004	10132	1866.09.10_GlasgowHerald	83451
1866.09.10_GlasgowHerald_0005	10625	1866.09.10_GlasgowHerald	83451
1866.09.10_GlasgowHerald_0006	12362	1866.09.10_GlasgowHerald	83451
1866.09.10_GlasgowHerald_0007	10612	1866.09.10_GlasgowHerald	83451
1866.09.10_GlasgowHerald_0008	9925	1866.09.10_GlasgowHerald	83451
1866.09.10_LiverpoolMercuryetc_0001	9409	1866.09.10_LiverpoolMercuryetc	91183
1866.09.10_LiverpoolMercuryetc_0002	10686	1866.09.10_LiverpoolMercuryetc	91183
1866.09.10_LiverpoolMercuryetc_0003	12308	1866.09.10_LiverpoolMercuryetc	91183
1866.09.10_LiverpoolMercuryetc_0004	11250	1866.09.10_LiverpoolMercuryetc	91183
1866.09.10_LiverpoolMercuryetc_0005	11958	1866.09.10_LiverpoolMercuryetc	91183
1866.09.10_LiverpoolMercuryetc_0006	11671	1866.09.10_LiverpoolMercuryetc	91183
1866.09.10_LiverpoolMercuryetc_0007	12137	1866.09.10_LiverpoolMercuryetc	91183
1866.09.10_LiverpoolMercuryetc_0008	11764	1866.09.10_LiverpoolMercuryetc	91183
1866.09.10_TheBelfastNews-Letter_0001	6893	1866.09.10_TheBelfastNews-Letter	47216
1866.09.10_TheBelfastNews-Letter_0002	10506	1866.09.10_TheBelfastNews-Letter	47216
1866.09.10_TheBelfastNews-Letter_0003	14374	1866.09.10_TheBelfastNews-Letter	47216
1866.09.10_TheBelfastNews-Letter_0004	15443	1866.09.10_TheBelfastNews-Letter	47216
1866.09.10_TheCaledonianMercury_0001	5878	1866.09.10_TheCaledonianMercury	29180
1866.09.10_TheCaledonianMercury_0002	7006	1866.09.10_TheCaledonianMercury	29180
1866.09.10_TheCaledonianMercury_0003	7867	1866.09.10_TheCaledonianMercury	29180
1866.09.10_TheCaledonianMercury_0004	8429	1866.09.10_TheCaledonianMercury	29180
1866.09.10_TheLeedsMercury_0001	12262	1866.09.10_TheLeedsMercury	54022
1866.09.10_TheLeedsMercury_0002	12682	1866.09.10_TheLeedsMercury	54022
1866.09.10_TheLeedsMercury_0003	14498	1866.09.10_TheLeedsMercury	54022
1866.09.10_TheLeedsMercury_0004	14580	1866.09.10_TheLeedsMercury	54022
1866.09.10_ThePallMallGazette_0001	1578	1866.09.10_ThePallMallGazette	28166
1866.09.10_ThePallMallGazette_0002	2066	1866.09.10_ThePallMallGazette	28166
1866.09.10_ThePallMallGazette_0003	2188	1866.09.10_ThePallMallGazette	28166
1866.09.10_ThePallMallGazette_0004	2548	1866.09.10_ThePallMallGazette	28166
1866.09.10_ThePallMallGazette_0005	2361	1866.09.10_ThePallMallGazette	28166
1866.09.10_ThePallMallGazette_0006	2153	1866.09.10_ThePallMallGazette	28166
1866.09.10_ThePallMallGazette_0007	2264	1866.09.10_ThePallMallGazette	28166
1866.09.10_ThePallMallGazette_0008	3446	1866.09.10_ThePallMallGazette	28166
1866.09.10_ThePallMallGazette_0009	2018	1866.09.10_ThePallMallGazette	28166
1866.09.10_ThePallMallGazette_0010	2155	1866.09.10_ThePallMallGazette	28166
1866.09.10_ThePallMallGazette_0011	2710	1866.09.10_ThePallMallGazette	28166
1866.09.10_ThePallMallGazette_0012	2679	1866.09.10_ThePallMallGazette	28166
1866.09.10_Times_0001	11984	1866.09.10_Times	138292
1866.09.10_Times_0002	12763	1866.09.10_Times	138292
1866.09.10_Times_0003	14233	1866.09.10_Times	138292
1866.09.10_Times_0004	10149	1866.09.10_Times	138292
1866.09.10_Times_0005	8124	1866.09.10_Times	138292
1866.09.10_Times_0006	8758	1866.09.10_Times	138292
1866.09.10_Times_0007	9377	1866.09.10_Times	138292
1866.09.10_Times_0008	12434	1866.09.10_Times	138292
1866.09.10_Times_0009	10775	1866.09.10_Times	138292
1866.09.10_Times_0010	12403	1866.09.10_Times	138292
1866.09.10_Times_0011	13079	1866.09.10_Times	138292
1866.09.10_Times_0012	14213	1866.09.10_Times	138292
1866.09.11_BirminghamDailyPost_0001	9742	1866.09.11_BirminghamDailyPost	50637
1866.09.11_BirminghamDailyPost_0002	12830	1866.09.11_BirminghamDailyPost	50637
1866.09.11_BirminghamDailyPost_0003	13643	1866.09.11_BirminghamDailyPost	50637
1866.09.11_BirminghamDailyPost_0004	14422	1866.09.11_BirminghamDailyPost	50637
1866.09.11_DailyNews_0001	9067	1866.09.11_DailyNews	80633
1866.09.11_DailyNews_0002	10681	1866.09.11_DailyNews	80633
1866.09.11_DailyNews_0003	11408	1866.09.11_DailyNews	80633
1866.09.11_DailyNews_0004	8281	1866.09.11_DailyNews	80633
1866.09.11_DailyNews_0005	8612	1866.09.11_DailyNews	80633
1866.09.11_DailyNews_0006	11358	1866.09.11_DailyNews	80633
1866.09.11_DailyNews_0007	10711	1866.09.11_DailyNews	80633
1866.09.11_DailyNews_0008	10515	1866.09.11_DailyNews	80633
1866.09.11_Freeman'sJournalandDailyCommercialAdvertiser_0001	11498	1866.09.11_Freeman'sJournalandDailyCommercialAdvertiser	52734
1866.09.11_Freeman'sJournalandDailyCommercialAdvertiser_0002	12288	1866.09.11_Freeman'sJournalandDailyCommercialAdvertiser	52734
1866.09.11_Freeman'sJournalandDailyCommercialAdvertiser_0003	14191	1866.09.11_Freeman'sJournalandDailyCommercialAdvertiser	52734
1866.09.11_Freeman'sJournalandDailyCommercialAdvertiser_0004	14757	1866.09.11_Freeman'sJournalandDailyCommercialAdvertiser	52734
1866.09.11_GlasgowHerald_0001	11454	1866.09.11_GlasgowHerald	50540
1866.09.11_GlasgowHerald_0002	12513	1866.09.11_GlasgowHerald	50540
1866.09.11_GlasgowHerald_0003	14499	1866.09.11_GlasgowHerald	50540
1866.09.11_GlasgowHerald_0004	12074	1866.09.11_GlasgowHerald	50540
1866.09.11_LiverpoolMercuryetc_0001	9450	1866.09.11_LiverpoolMercuryetc	121039
1866.09.11_LiverpoolMercuryetc_0002	11341	1866.09.11_LiverpoolMercuryetc	121039
1866.09.11_LiverpoolMercuryetc_0003	11717	1866.09.11_LiverpoolMercuryetc	121039
1866.09.11_LiverpoolMercuryetc_0004	10959	1866.09.11_LiverpoolMercuryetc	121039
1866.09.11_LiverpoolMercuryetc_0005	11400	1866.09.11_LiverpoolMercuryetc	121039
1866.09.11_LiverpoolMercuryetc_0006	11425	1866.09.11_LiverpoolMercuryetc	121039
1866.09.11_LiverpoolMercuryetc_0007	11827	1866.09.11_LiverpoolMercuryetc	121039
1866.09.11_LiverpoolMercuryetc_0008	11225	1866.09.11_LiverpoolMercuryetc	121039
1866.09.11_LiverpoolMercuryetc_0009	14235	1866.09.11_LiverpoolMercuryetc	121039
1866.09.11_LiverpoolMercuryetc_0010	17460	1866.09.11_LiverpoolMercuryetc	121039
1866.09.11_TheBelfastNews-Letter_0001	7642	1866.09.11_TheBelfastNews-Letter	48583
1866.09.11_TheBelfastNews-Letter_0002	11192	1866.09.11_TheBelfastNews-Letter	48583
1866.09.11_TheBelfastNews-Letter_0003	13936	1866.09.11_TheBelfastNews-Letter	48583
1866.09.11_TheBelfastNews-Letter_0004	15813	1866.09.11_TheBelfastNews-Letter	48583
1866.09.11_TheCaledonianMercury_0001	6160	1866.09.11_TheCaledonianMercury	29065
1866.09.11_TheCaledonianMercury_0002	7148	1866.09.11_TheCaledonianMercury	29065
1866.09.11_TheCaledonianMercury_0003	7699	1866.09.11_TheCaledonianMercury	29065
1866.09.11_TheCaledonianMercury_0004	8058	1866.09.11_TheCaledonianMercury	29065
1866.09.11_TheLeedsMercury_0001	10809	1866.09.11_TheLeedsMercury	95026
1866.09.11_TheLeedsMercury_0002	11295	1866.09.11_TheLeedsMercury	95026
1866.09.11_TheLeedsMercury_0003	13331	1866.09.11_TheLeedsMercury	95026
1866.09.11_TheLeedsMercury_0004	10251	1866.09.11_TheLeedsMercury	95026
1866.09.11_TheLeedsMercury_0005	11732	1866.09.11_TheLeedsMercury	95026
1866.09.11_TheLeedsMercury_0006	12558	1866.09.11_TheLeedsMercury	95026
1866.09.11_TheLeedsMercury_0007	12998	1866.09.11_TheLeedsMercury	95026
1866.09.11_TheLeedsMercury_0008	12052	1866.09.11_TheLeedsMercury	95026
1866.09.11_ThePallMallGazette_0001	1617	1866.09.11_ThePallMallGazette	28619
1866.09.11_ThePallMallGazette_0002	2086	1866.09.11_ThePallMallGazette	28619
1866.09.11_ThePallMallGazette_0003	2166	1866.09.11_ThePallMallGazette	28619
1866.09.11_ThePallMallGazette_0004	2463	1866.09.11_ThePallMallGazette	28619
1866.09.11_ThePallMallGazette_0005	2394	1866.09.11_ThePallMallGazette	28619
1866.09.11_ThePallMallGazette_0006	2284	1866.09.11_ThePallMallGazette	28619
1866.09.11_ThePallMallGazette_0007	2271	1866.09.11_ThePallMallGazette	28619
1866.09.11_ThePallMallGazette_0008	3589	1866.09.11_ThePallMallGazette	28619
1866.09.11_ThePallMallGazette_0009	2114	1866.09.11_ThePallMallGazette	28619
1866.09.11_ThePallMallGazette_0010	2197	1866.09.11_ThePallMallGazette	28619
1866.09.11_ThePallMallGazette_0011	2553	1866.09.11_ThePallMallGazette	28619
1866.09.11_ThePallMallGazette_0012	2885	1866.09.11_ThePallMallGazette	28619
1866.09.11_Times_0001	12029	1866.09.11_Times	133388
1866.09.11_Times_0002	13274	1866.09.11_Times	133388
1866.09.11_Times_0003	13347	1866.09.11_Times	133388
1866.09.11_Times_0004	11519	1866.09.11_Times	133388
1866.09.11_Times_0005	6670	1866.09.11_Times	133388
1866.09.11_Times_0006	8709	1866.09.11_Times	133388
1866.09.11_Times_0007	9716	1866.09.11_Times	133388
1866.09.11_Times_0008	9899	1866.09.11_Times	133388
1866.09.11_Times_0009	12111	1866.09.11_Times	133388
1866.09.11_Times_0010	11118	1866.09.11_Times	133388
1866.09.11_Times_0011	12596	1866.09.11_Times	133388
1866.09.11_Times_0012	12400	1866.09.11_Times	133388
1866.09.12_BaneracAmserauCymru_0001	3908	1866.09.12_BaneracAmserauCymru	73857
1866.09.12_BaneracAmserauCymru_0002	4595	1866.09.12_BaneracAmserauCymru	73857
1866.09.12_BaneracAmserauCymru_0003	3382	1866.09.12_BaneracAmserauCymru	73857
1866.09.12_BaneracAmserauCymru_0004	4983	1866.09.12_BaneracAmserauCymru	73857
1866.09.12_BaneracAmserauCymru_0005	4504	1866.09.12_BaneracAmserauCymru	73857
1866.09.12_BaneracAmserauCymru_0006	5067	1866.09.12_BaneracAmserauCymru	73857
1866.09.12_BaneracAmserauCymru_0007	4978	1866.09.12_BaneracAmserauCymru	73857
1866.09.12_BaneracAmserauCymru_0008	4183	1866.09.12_BaneracAmserauCymru	73857
1866.09.12_BaneracAmserauCymru_0009	4885	1866.09.12_BaneracAmserauCymru	73857
1866.09.12_BaneracAmserauCymru_0010	4623	1866.09.12_BaneracAmserauCymru	73857
1866.09.12_BaneracAmserauCymru_0011	5276	1866.09.12_BaneracAmserauCymru	73857
1866.09.12_BaneracAmserauCymru_0012	4500	1866.09.12_BaneracAmserauCymru	73857
1866.09.12_BaneracAmserauCymru_0013	6067	1866.09.12_BaneracAmserauCymru	73857
1866.09.12_BaneracAmserauCymru_0014	5612	1866.09.12_BaneracAmserauCymru	73857
1866.09.12_BaneracAmserauCymru_0015	3636	1866.09.12_BaneracAmserauCymru	73857
1866.09.12_BaneracAmserauCymru_0016	3658	1866.09.12_BaneracAmserauCymru	73857
1866.09.12_BirminghamDailyPost_0001	10229	1866.09.12_BirminghamDailyPost	53753
1866.09.12_BirminghamDailyPost_0002	12227	1866.09.12_BirminghamDailyPost	53753
1866.09.12_BirminghamDailyPost_0003	14784	1866.09.12_BirminghamDailyPost	53753
1866.09.12_BirminghamDailyPost_0004	16513	1866.09.12_BirminghamDailyPost	53753
1866.09.12_DailyNews_0001	9606	1866.09.12_DailyNews	83461
1866.09.12_DailyNews_0002	11323	1866.09.12_DailyNews	83461
1866.09.12_DailyNews_0003	12853	1866.09.12_DailyNews	83461
1866.09.12_DailyNews_0004	8367	1866.09.12_DailyNews	83461
1866.09.12_DailyNews_0005	8344	1866.09.12_DailyNews	83461
1866.09.12_DailyNews_0006	11347	1866.09.12_DailyNews	83461
1866.09.12_DailyNews_0007	11365	1866.09.12_DailyNews	83461
1866.09.12_DailyNews_0008	10256	1866.09.12_DailyNews	83461
1866.09.12_Freeman'sJournalandDailyCommercialAdvertiser_0001	10752	1866.09.12_Freeman'sJournalandDailyCommercialAdvertiser	51473
1866.09.12_Freeman'sJournalandDailyCommercialAdvertiser_0002	11766	1866.09.12_Freeman'sJournalandDailyCommercialAdvertiser	51473
1866.09.12_Freeman'sJournalandDailyCommercialAdvertiser_0003	13684	1866.09.12_Freeman'sJournalandDailyCommercialAdvertiser	51473
1866.09.12_Freeman'sJournalandDailyCommercialAdvertiser_0004	15271	1866.09.12_Freeman'sJournalandDailyCommercialAdvertiser	51473
1866.09.12_GlasgowHerald_0001	8770	1866.09.12_GlasgowHerald	84084
1866.09.12_GlasgowHerald_0002	10255	1866.09.12_GlasgowHerald	84084
1866.09.12_GlasgowHerald_0003	12607	1866.09.12_GlasgowHerald	84084
1866.09.12_GlasgowHerald_0004	9968	1866.09.12_GlasgowHerald	84084
1866.09.12_GlasgowHerald_0005	10667	1866.09.12_GlasgowHerald	84084
1866.09.12_GlasgowHerald_0006	11407	1866.09.12_GlasgowHerald	84084
1866.09.12_GlasgowHerald_0007	10887	1866.09.12_GlasgowHerald	84084
1866.09.12_GlasgowHerald_0008	9523	1866.09.12_GlasgowHerald	84084
1866.09.12_HampshireTelegraphandSussexChronicleetc_0001	7777	1866.09.12_HampshireTelegraphandSussexChronicleetc	42722
1866.09.12_HampshireTelegraphandSussexChronicleetc_0002	11311	1866.09.12_HampshireTelegraphandSussexChronicleetc	42722
1866.09.12_HampshireTelegraphandSussexChronicleetc_0003	11612	1866.09.12_HampshireTelegraphandSussexChronicleetc	42722
1866.09.12_HampshireTelegraphandSussexChronicleetc_0004	12022	1866.09.12_HampshireTelegraphandSussexChronicleetc	42722
1866.09.12_LiverpoolMercuryetc_0001	9082	1866.09.12_LiverpoolMercuryetc	87260
1866.09.12_LiverpoolMercuryetc_0002	10257	1866.09.12_LiverpoolMercuryetc	87260
1866.09.12_LiverpoolMercuryetc_0003	11478	1866.09.12_LiverpoolMercuryetc	87260
1866.09.12_LiverpoolMercuryetc_0004	10123	1866.09.12_LiverpoolMercuryetc	87260
1866.09.12_LiverpoolMercuryetc_0005	11244	1866.09.12_LiverpoolMercuryetc	87260
1866.09.12_LiverpoolMercuryetc_0006	11562	1866.09.12_LiverpoolMercuryetc	87260
1866.09.12_LiverpoolMercuryetc_0007	11286	1866.09.12_LiverpoolMercuryetc	87260
1866.09.12_LiverpoolMercuryetc_0008	12228	1866.09.12_LiverpoolMercuryetc	87260
1866.09.12_TheAberdeenJournal_0001	9432	1866.09.12_TheAberdeenJournal	98298
1866.09.12_TheAberdeenJournal_0002	13526	1866.09.12_TheAberdeenJournal	98298
1866.09.12_TheAberdeenJournal_0003	14536	1866.09.12_TheAberdeenJournal	98298
1866.09.12_TheAberdeenJournal_0004	9182	1866.09.12_TheAberdeenJournal	98298
1866.09.12_TheAberdeenJournal_0005	14165	1866.09.12_TheAberdeenJournal	98298
1866.09.12_TheAberdeenJournal_0006	12316	1866.09.12_TheAberdeenJournal	98298
1866.09.12_TheAberdeenJournal_0007	13036	1866.09.12_TheAberdeenJournal	98298
1866.09.12_TheAberdeenJournal_0008	12105	1866.09.12_TheAberdeenJournal	98298
1866.09.12_TheBelfastNews-Letter_0001	6608	1866.09.12_TheBelfastNews-Letter	47588
1866.09.12_TheBelfastNews-Letter_0002	11414	1866.09.12_TheBelfastNews-Letter	47588
1866.09.12_TheBelfastNews-Letter_0003	14197	1866.09.12_TheBelfastNews-Letter	47588
1866.09.12_TheBelfastNews-Letter_0004	15369	1866.09.12_TheBelfastNews-Letter	47588
1866.09.12_TheCaledonianMercury_0001	5162	1866.09.12_TheCaledonianMercury	28451
1866.09.12_TheCaledonianMercury_0002	6875	1866.09.12_TheCaledonianMercury	28451
1866.09.12_TheCaledonianMercury_0003	7920	1866.09.12_TheCaledonianMercury	28451
1866.09.12_TheCaledonianMercury_0004	8494	1866.09.12_TheCaledonianMercury	28451
1866.09.12_TheDerbyMercury_0001	7018	1866.09.12_TheDerbyMercury	78023
1866.09.12_TheDerbyMercury_0002	11526	1866.09.12_TheDerbyMercury	78023
1866.09.12_TheDerbyMercury_0003	11825	1866.09.12_TheDerbyMercury	78023
1866.09.12_TheDerbyMercury_0004	6246	1866.09.12_TheDerbyMercury	78023
1866.09.12_TheDerbyMercury_0005	9824	1866.09.12_TheDerbyMercury	78023
1866.09.12_TheDerbyMercury_0006	9986	1866.09.12_TheDerbyMercury	78023
1866.09.12_TheDerbyMercury_0007	9807	1866.09.12_TheDerbyMercury	78023
1866.09.12_TheDerbyMercury_0008	11791	1866.09.12_TheDerbyMercury	78023
1866.09.12_TheLeedsMercury_0001	12624	1866.09.12_TheLeedsMercury	53749
1866.09.12_TheLeedsMercury_0002	12171	1866.09.12_TheLeedsMercury	53749
1866.09.12_TheLeedsMercury_0003	14613	1866.09.12_TheLeedsMercury	53749
1866.09.12_TheLeedsMercury_0004	14341	1866.09.12_TheLeedsMercury	53749
1866.09.12_ThePallMallGazette_0001	1583	1866.09.12_ThePallMallGazette	28769
1866.09.12_ThePallMallGazette_0002	2167	1866.09.12_ThePallMallGazette	28769
1866.09.12_ThePallMallGazette_0003	2054	1866.09.12_ThePallMallGazette	28769
1866.09.12_ThePallMallGazette_0004	2483	1866.09.12_ThePallMallGazette	28769
1866.09.12_ThePallMallGazette_0005	2481	1866.09.12_ThePallMallGazette	28769
1866.09.12_ThePallMallGazette_0006	1934	1866.09.12_ThePallMallGazette	28769
1866.09.12_ThePallMallGazette_0007	2548	1866.09.12_ThePallMallGazette	28769
1866.09.12_ThePallMallGazette_0008	3364	1866.09.12_ThePallMallGazette	28769
1866.09.12_ThePallMallGazette_0009	2176	1866.09.12_ThePallMallGazette	28769
1866.09.12_ThePallMallGazette_0010	2113	1866.09.12_ThePallMallGazette	28769
1866.09.12_ThePallMallGazette_0011	3276	1866.09.12_ThePallMallGazette	28769
1866.09.12_ThePallMallGazette_0012	2590	1866.09.12_ThePallMallGazette	28769
1866.09.12_Times_0001	12828	1866.09.12_Times	184382
1866.09.12_Times_0002	11696	1866.09.12_Times	184382
1866.09.12_Times_0003	12084	1866.09.12_Times	184382
1866.09.12_Times_0004	12643	1866.09.12_Times	184382
1866.09.12_Times_0005	12740	1866.09.12_Times	184382
1866.09.12_Times_0006	11836	1866.09.12_Times	184382
1866.09.12_Times_0007	7178	1866.09.12_Times	184382
1866.09.12_Times_0008	8245	1866.09.12_Times	184382
1866.09.12_Times_0009	8451	1866.09.12_Times	184382
1866.09.12_Times_0010	9779	1866.09.12_Times	184382
1866.09.12_Times_0011	12883	1866.09.12_Times	184382
1866.09.12_Times_0012	11108	1866.09.12_Times	184382
1866.09.12_Times_0013	12766	1866.09.12_Times	184382
1866.09.12_Times_0014	14563	1866.09.12_Times	184382
1866.09.12_Times_0015	13304	1866.09.12_Times	184382
1866.09.12_Times_0016	12278	1866.09.12_Times	184382
1866.09.13_BirminghamDailyPost_0001	9805	1866.09.13_BirminghamDailyPost	84412
1866.09.13_BirminghamDailyPost_0002	7476	1866.09.13_BirminghamDailyPost	84412
1866.09.13_BirminghamDailyPost_0003	11012	1866.09.13_BirminghamDailyPost	84412
1866.09.13_BirminghamDailyPost_0004	9959	1866.09.13_BirminghamDailyPost	84412
1866.09.13_BirminghamDailyPost_0005	11518	1866.09.13_BirminghamDailyPost	84412
1866.09.13_BirminghamDailyPost_0006	11767	1866.09.13_BirminghamDailyPost	84412
1866.09.13_BirminghamDailyPost_0007	12570	1866.09.13_BirminghamDailyPost	84412
1866.09.13_BirminghamDailyPost_0008	10305	1866.09.13_BirminghamDailyPost	84412
1866.09.13_DailyNews_0001	9271	1866.09.13_DailyNews	82093
1866.09.13_DailyNews_0002	10296	1866.09.13_DailyNews	82093
1866.09.13_DailyNews_0003	12579	1866.09.13_DailyNews	82093
1866.09.13_DailyNews_0004	8468	1866.09.13_DailyNews	82093
1866.09.13_DailyNews_0005	8054	1866.09.13_DailyNews	82093
1866.09.13_DailyNews_0006	11221	1866.09.13_DailyNews	82093
1866.09.13_DailyNews_0007	10964	1866.09.13_DailyNews	82093
1866.09.13_DailyNews_0008	11240	1866.09.13_DailyNews	82093
1866.09.13_Freeman'sJournalandDailyCommercialAdvertiser_0001	12005	1866.09.13_Freeman'sJournalandDailyCommercialAdvertiser	52628
1866.09.13_Freeman'sJournalandDailyCommercialAdvertiser_0002	11746	1866.09.13_Freeman'sJournalandDailyCommercialAdvertiser	52628
1866.09.13_Freeman'sJournalandDailyCommercialAdvertiser_0003	14058	1866.09.13_Freeman'sJournalandDailyCommercialAdvertiser	52628
1866.09.13_Freeman'sJournalandDailyCommercialAdvertiser_0004	14819	1866.09.13_Freeman'sJournalandDailyCommercialAdvertiser	52628
1866.09.13_GlasgowHerald_0001	11000	1866.09.13_GlasgowHerald	51759
1866.09.13_GlasgowHerald_0002	15583	1866.09.13_GlasgowHerald	51759
1866.09.13_GlasgowHerald_0003	13137	1866.09.13_GlasgowHerald	51759
1866.09.13_GlasgowHerald_0004	12039	1866.09.13_GlasgowHerald	51759
1866.09.13_LiverpoolMercuryetc_0001	8550	1866.09.13_LiverpoolMercuryetc	84505
1866.09.13_LiverpoolMercuryetc_0002	10820	1866.09.13_LiverpoolMercuryetc	84505
1866.09.13_LiverpoolMercuryetc_0003	11070	1866.09.13_LiverpoolMercuryetc	84505
1866.09.13_LiverpoolMercuryetc_0004	9647	1866.09.13_LiverpoolMercuryetc	84505
1866.09.13_LiverpoolMercuryetc_0005	11059	1866.09.13_LiverpoolMercuryetc	84505
1866.09.13_LiverpoolMercuryetc_0006	11792	1866.09.13_LiverpoolMercuryetc	84505
1866.09.13_LiverpoolMercuryetc_0007	11479	1866.09.13_LiverpoolMercuryetc	84505
1866.09.13_LiverpoolMercuryetc_0008	10088	1866.09.13_LiverpoolMercuryetc	84505
1866.09.13_TheBelfastNews-Letter_0001	7531	1866.09.13_TheBelfastNews-Letter	49361
1866.09.13_TheBelfastNews-Letter_0002	10969	1866.09.13_TheBelfastNews-Letter	49361
1866.09.13_TheBelfastNews-Letter_0003	16025	1866.09.13_TheBelfastNews-Letter	49361
1866.09.13_TheBelfastNews-Letter_0004	14836	1866.09.13_TheBelfastNews-Letter	49361
1866.09.13_TheCaledonianMercury_0001	5945	1866.09.13_TheCaledonianMercury	27429
1866.09.13_TheCaledonianMercury_0002	6399	1866.09.13_TheCaledonianMercury	27429
1866.09.13_TheCaledonianMercury_0003	7170	1866.09.13_TheCaledonianMercury	27429
1866.09.13_TheCaledonianMercury_0004	7915	1866.09.13_TheCaledonianMercury	27429
1866.09.13_TheLeedsMercury_0001	12838	1866.09.13_TheLeedsMercury	52760
1866.09.13_TheLeedsMercury_0002	12360	1866.09.13_TheLeedsMercury	52760
1866.09.13_TheLeedsMercury_0003	13590	1866.09.13_TheLeedsMercury	52760
1866.09.13_TheLeedsMercury_0004	13972	1866.09.13_TheLeedsMercury	52760
1866.09.13_ThePallMallGazette_0001	1644	1866.09.13_ThePallMallGazette	28945
1866.09.13_ThePallMallGazette_0002	2052	1866.09.13_ThePallMallGazette	28945
1866.09.13_ThePallMallGazette_0003	2014	1866.09.13_ThePallMallGazette	28945
1866.09.13_ThePallMallGazette_0004	2513	1866.09.13_ThePallMallGazette	28945
1866.09.13_ThePallMallGazette_0005	2549	1866.09.13_ThePallMallGazette	28945
1866.09.13_ThePallMallGazette_0006	2132	1866.09.13_ThePallMallGazette	28945
1866.09.13_ThePallMallGazette_0007	2253	1866.09.13_ThePallMallGazette	28945
1866.09.13_ThePallMallGazette_0008	3487	1866.09.13_ThePallMallGazette	28945
1866.09.13_ThePallMallGazette_0009	2220	1866.09.13_ThePallMallGazette	28945
1866.09.13_ThePallMallGazette_0010	2124	1866.09.13_ThePallMallGazette	28945
1866.09.13_ThePallMallGazette_0011	3299	1866.09.13_ThePallMallGazette	28945
1866.09.13_ThePallMallGazette_0012	2658	1866.09.13_ThePallMallGazette	28945
1866.09.13_Times_0001	12925	1866.09.13_Times	134686
1866.09.13_Times_0002	12205	1866.09.13_Times	134686
1866.09.13_Times_0003	13064	1866.09.13_Times	134686
1866.09.13_Times_0004	12284	1866.09.13_Times	134686
1866.09.13_Times_0005	7742	1866.09.13_Times	134686
1866.09.13_Times_0006	8645	1866.09.13_Times	134686
1866.09.13_Times_0007	9762	1866.09.13_Times	134686
1866.09.13_Times_0008	10243	1866.09.13_Times	134686
1866.09.13_Times_0009	11735	1866.09.13_Times	134686
1866.09.13_Times_0010	11130	1866.09.13_Times	134686
1866.09.13_Times_0011	11943	1866.09.13_Times	134686
1866.09.13_Times_0012	13008	1866.09.13_Times	134686
1866.09.14_BirminghamDailyPost_0001	9835	1866.09.14_BirminghamDailyPost	50148
1866.09.14_BirminghamDailyPost_0002	12313	1866.09.14_BirminghamDailyPost	50148
1866.09.14_BirminghamDailyPost_0003	12426	1866.09.14_BirminghamDailyPost	50148
1866.09.14_BirminghamDailyPost_0004	15574	1866.09.14_BirminghamDailyPost	50148
1866.09.14_DailyNews_0001	9555	1866.09.14_DailyNews	83219
1866.09.14_DailyNews_0002	10634	1866.09.14_DailyNews	83219
1866.09.14_DailyNews_0003	11304	1866.09.14_DailyNews	83219
1866.09.14_DailyNews_0004	8162	1866.09.14_DailyNews	83219
1866.09.14_DailyNews_0005	9053	1866.09.14_DailyNews	83219
1866.09.14_DailyNews_0006	12039	1866.09.14_DailyNews	83219
1866.09.14_DailyNews_0007	12397	1866.09.14_DailyNews	83219
1866.09.14_DailyNews_0008	10075	1866.09.14_DailyNews	83219
1866.09.14_Freeman'sJournalandDailyCommercialAdvertiser_0001	10955	1866.09.14_Freeman'sJournalandDailyCommercialAdvertiser	49538
1866.09.14_Freeman'sJournalandDailyCommercialAdvertiser_0002	11350	1866.09.14_Freeman'sJournalandDailyCommercialAdvertiser	49538
1866.09.14_Freeman'sJournalandDailyCommercialAdvertiser_0003	12105	1866.09.14_Freeman'sJournalandDailyCommercialAdvertiser	49538
1866.09.14_Freeman'sJournalandDailyCommercialAdvertiser_0004	15128	1866.09.14_Freeman'sJournalandDailyCommercialAdvertiser	49538
1866.09.14_GlasgowHerald_0001	9522	1866.09.14_GlasgowHerald	82607
1866.09.14_GlasgowHerald_0002	9818	1866.09.14_GlasgowHerald	82607
1866.09.14_GlasgowHerald_0003	10563	1866.09.14_GlasgowHerald	82607
1866.09.14_GlasgowHerald_0004	10720	1866.09.14_GlasgowHerald	82607
1866.09.14_GlasgowHerald_0005	10570	1866.09.14_GlasgowHerald	82607
1866.09.14_GlasgowHerald_0006	11338	1866.09.14_GlasgowHerald	82607
1866.09.14_GlasgowHerald_0007	10532	1866.09.14_GlasgowHerald	82607
1866.09.14_GlasgowHerald_0008	9544	1866.09.14_GlasgowHerald	82607
1866.09.14_LiverpoolMercuryetc_0001	9344	1866.09.14_LiverpoolMercuryetc	97282
1866.09.14_LiverpoolMercuryetc_0002	9824	1866.09.14_LiverpoolMercuryetc	97282
1866.09.14_LiverpoolMercuryetc_0003	11907	1866.09.14_LiverpoolMercuryetc	97282
1866.09.14_LiverpoolMercuryetc_0004	12590	1866.09.14_LiverpoolMercuryetc	97282
1866.09.14_LiverpoolMercuryetc_0005	13414	1866.09.14_LiverpoolMercuryetc	97282
1866.09.14_LiverpoolMercuryetc_0006	12824	1866.09.14_LiverpoolMercuryetc	97282
1866.09.14_LiverpoolMercuryetc_0007	14658	1866.09.14_LiverpoolMercuryetc	97282
1866.09.14_LiverpoolMercuryetc_0008	12721	1866.09.14_LiverpoolMercuryetc	97282
1866.09.14_TheBelfastNews-Letter_0001	6202	1866.09.14_TheBelfastNews-Letter	45106
1866.09.14_TheBelfastNews-Letter_0002	10599	1866.09.14_TheBelfastNews-Letter	45106
1866.09.14_TheBelfastNews-Letter_0003	13487	1866.09.14_TheBelfastNews-Letter	45106
1866.09.14_TheBelfastNews-Letter_0004	14818	1866.09.14_TheBelfastNews-Letter	45106
1866.09.14_TheCaledonianMercury_0001	5670	1866.09.14_TheCaledonianMercury	27411
1866.09.14_TheCaledonianMercury_0002	6625	1866.09.14_TheCaledonianMercury	27411
1866.09.14_TheCaledonianMercury_0003	7112	1866.09.14_TheCaledonianMercury	27411
1866.09.14_TheCaledonianMercury_0004	8004	1866.09.14_TheCaledonianMercury	27411
1866.09.14_TheHullPacketandEastRidingTimes_0001	5821	1866.09.14_TheHullPacketandEastRidingTimes	78485
1866.09.14_TheHullPacketandEastRidingTimes_0002	11277	1866.09.14_TheHullPacketandEastRidingTimes	78485
1866.09.14_TheHullPacketandEastRidingTimes_0003	10900	1866.09.14_TheHullPacketandEastRidingTimes	78485
1866.09.14_TheHullPacketandEastRidingTimes_0004	8202	1866.09.14_TheHullPacketandEastRidingTimes	78485
1866.09.14_TheHullPacketandEastRidingTimes_0005	10074	1866.09.14_TheHullPacketandEastRidingTimes	78485
1866.09.14_TheHullPacketandEastRidingTimes_0006	11663	1866.09.14_TheHullPacketandEastRidingTimes	78485
1866.09.14_TheHullPacketandEastRidingTimes_0007	10578	1866.09.14_TheHullPacketandEastRidingTimes	78485
1866.09.14_TheHullPacketandEastRidingTimes_0008	9970	1866.09.14_TheHullPacketandEastRidingTimes	78485
1866.09.14_TheLeedsMercury_0001	12111	1866.09.14_TheLeedsMercury	54067
1866.09.14_TheLeedsMercury_0002	12454	1866.09.14_TheLeedsMercury	54067
1866.09.14_TheLeedsMercury_0003	14853	1866.09.14_TheLeedsMercury	54067
1866.09.14_TheLeedsMercury_0004	14649	1866.09.14_TheLeedsMercury	54067
1866.09.14_TheNewcastleCourantetc_0001	7921	1866.09.14_TheNewcastleCourantetc	99372
1866.09.14_TheNewcastleCourantetc_0002	13914	1866.09.14_TheNewcastleCourantetc	99372
1866.09.14_TheNewcastleCourantetc_0003	12988	1866.09.14_TheNewcastleCourantetc	99372
1866.09.14_TheNewcastleCourantetc_0004	10197	1866.09.14_TheNewcastleCourantetc	99372
1866.09.14_TheNewcastleCourantetc_0005	14165	1866.09.14_TheNewcastleCourantetc	99372
1866.09.14_TheNewcastleCourantetc_0006	14503	1866.09.14_TheNewcastleCourantetc	99372
1866.09.14_TheNewcastleCourantetc_0007	13097	1866.09.14_TheNewcastleCourantetc	99372
1866.09.14_TheNewcastleCourantetc_0008	12587	1866.09.14_TheNewcastleCourantetc	99372
1866.09.14_ThePallMallGazette_0001	1559	1866.09.14_ThePallMallGazette	29422
1866.09.14_ThePallMallGazette_0002	2103	1866.09.14_ThePallMallGazette	29422
1866.09.14_ThePallMallGazette_0003	2169	1866.09.14_ThePallMallGazette	29422
1866.09.14_ThePallMallGazette_0004	2582	1866.09.14_ThePallMallGazette	29422
1866.09.14_ThePallMallGazette_0005	2482	1866.09.14_ThePallMallGazette	29422
1866.09.14_ThePallMallGazette_0006	2243	1866.09.14_ThePallMallGazette	29422
1866.09.14_ThePallMallGazette_0007	2281	1866.09.14_ThePallMallGazette	29422
1866.09.14_ThePallMallGazette_0008	3297	1866.09.14_ThePallMallGazette	29422
1866.09.14_ThePallMallGazette_0009	2147	1866.09.14_ThePallMallGazette	29422
1866.09.14_ThePallMallGazette_0010	2296	1866.09.14_ThePallMallGazette	29422
1866.09.14_ThePallMallGazette_0011	3086	1866.09.14_ThePallMallGazette	29422
1866.09.14_ThePallMallGazette_0012	3177	1866.09.14_ThePallMallGazette	29422
1866.09.14_Times_0001	12563	1866.09.14_Times	135132
1866.09.14_Times_0002	11689	1866.09.14_Times	135132
1866.09.14_Times_0003	13269	1866.09.14_Times	135132
1866.09.14_Times_0004	9723	1866.09.14_Times	135132
1866.09.14_Times_0005	7301	1866.09.14_Times	135132
1866.09.14_Times_0006	9147	1866.09.14_Times	135132
1866.09.14_Times_0007	9924	1866.09.14_Times	135132
1866.09.14_Times_0008	10368	1866.09.14_Times	135132
1866.09.14_Times_0009	12334	1866.09.14_Times	135132
1866.09.14_Times_0010	12817	1866.09.14_Times	135132
1866.09.14_Times_0011	13470	1866.09.14_Times	135132
1866.09.14_Times_0012	12527	1866.09.14_Times	135132
1866.09.15_BaneracAmserauCymru_0001	3066	1866.09.15_BaneracAmserauCymru	36424
1866.09.15_BaneracAmserauCymru_0002	4899	1866.09.15_BaneracAmserauCymru	36424
1866.09.15_BaneracAmserauCymru_0003	4987	1866.09.15_BaneracAmserauCymru	36424
1866.09.15_BaneracAmserauCymru_0004	3962	1866.09.15_BaneracAmserauCymru	36424
1866.09.15_BaneracAmserauCymru_0005	5013	1866.09.15_BaneracAmserauCymru	36424
1866.09.15_BaneracAmserauCymru_0006	4982	1866.09.15_BaneracAmserauCymru	36424
1866.09.15_BaneracAmserauCymru_0007	5463	1866.09.15_BaneracAmserauCymru	36424
1866.09.15_BaneracAmserauCymru_0008	4052	1866.09.15_BaneracAmserauCymru	36424
1866.09.15_BirminghamDailyPost_0001	9934	1866.09.15_BirminghamDailyPost	48760
1866.09.15_BirminghamDailyPost_0002	11581	1866.09.15_BirminghamDailyPost	48760
1866.09.15_BirminghamDailyPost_0003	13129	1866.09.15_BirminghamDailyPost	48760
1866.09.15_BirminghamDailyPost_0004	14116	1866.09.15_BirminghamDailyPost	48760
1866.09.15_DailyNews_0001	9971	1866.09.15_DailyNews	84831
1866.09.15_DailyNews_0002	11119	1866.09.15_DailyNews	84831
1866.09.15_DailyNews_0003	12189	1866.09.15_DailyNews	84831
1866.09.15_DailyNews_0004	8013	1866.09.15_DailyNews	84831
1866.09.15_DailyNews_0005	9201	1866.09.15_DailyNews	84831
1866.09.15_DailyNews_0006	12960	1866.09.15_DailyNews	84831
1866.09.15_DailyNews_0007	11515	1866.09.15_DailyNews	84831
1866.09.15_DailyNews_0008	9863	1866.09.15_DailyNews	84831
1866.09.15_Freeman'sJournalandDailyCommercialAdvertiser_0001	11526	1866.09.15_Freeman'sJournalandDailyCommercialAdvertiser	50433
1866.09.15_Freeman'sJournalandDailyCommercialAdvertiser_0002	11857	1866.09.15_Freeman'sJournalandDailyCommercialAdvertiser	50433
1866.09.15_Freeman'sJournalandDailyCommercialAdvertiser_0003	12463	1866.09.15_Freeman'sJournalandDailyCommercialAdvertiser	50433
1866.09.15_Freeman'sJournalandDailyCommercialAdvertiser_0004	14587	1866.09.15_Freeman'sJournalandDailyCommercialAdvertiser	50433
1866.09.15_GlasgowHerald_0001	8915	1866.09.15_GlasgowHerald	85827
1866.09.15_GlasgowHerald_0002	11489	1866.09.15_GlasgowHerald	85827
1866.09.15_GlasgowHerald_0003	12427	1866.09.15_GlasgowHerald	85827
1866.09.15_GlasgowHerald_0004	10479	1866.09.15_GlasgowHerald	85827
1866.09.15_GlasgowHerald_0005	10792	1866.09.15_GlasgowHerald	85827
1866.09.15_GlasgowHerald_0006	11090	1866.09.15_GlasgowHerald	85827
1866.09.15_GlasgowHerald_0007	10740	1866.09.15_GlasgowHerald	85827
1866.09.15_GlasgowHerald_0008	9895	1866.09.15_GlasgowHerald	85827
1866.09.15_HampshireTelegraphandSussexChronicleetc_0001	8459	1866.09.15_HampshireTelegraphandSussexChronicleetc	84296
1866.09.15_HampshireTelegraphandSussexChronicleetc_0002	9007	1866.09.15_HampshireTelegraphandSussexChronicleetc	84296
1866.09.15_HampshireTelegraphandSussexChronicleetc_0003	11691	1866.09.15_HampshireTelegraphandSussexChronicleetc	84296
1866.09.15_HampshireTelegraphandSussexChronicleetc_0004	9521	1866.09.15_HampshireTelegraphandSussexChronicleetc	84296
1866.09.15_HampshireTelegraphandSussexChronicleetc_0005	10497	1866.09.15_HampshireTelegraphandSussexChronicleetc	84296
1866.09.15_HampshireTelegraphandSussexChronicleetc_0006	12125	1866.09.15_HampshireTelegraphandSussexChronicleetc	84296
1866.09.15_HampshireTelegraphandSussexChronicleetc_0007	12837	1866.09.15_HampshireTelegraphandSussexChronicleetc	84296
1866.09.15_HampshireTelegraphandSussexChronicleetc_0008	10159	1866.09.15_HampshireTelegraphandSussexChronicleetc	84296
1866.09.15_Jackson'sOxfordJournal_0001	7599	1866.09.15_Jackson'sOxfordJournal	86946
1866.09.15_Jackson'sOxfordJournal_0002	9976	1866.09.15_Jackson'sOxfordJournal	86946
1866.09.15_Jackson'sOxfordJournal_0003	11480	1866.09.15_Jackson'sOxfordJournal	86946
1866.09.15_Jackson'sOxfordJournal_0004	10504	1866.09.15_Jackson'sOxfordJournal	86946
1866.09.15_Jackson'sOxfordJournal_0005	11661	1866.09.15_Jackson'sOxfordJournal	86946
1866.09.15_Jackson'sOxfordJournal_0006	11741	1866.09.15_Jackson'sOxfordJournal	86946
1866.09.15_Jackson'sOxfordJournal_0007	11284	1866.09.15_Jackson'sOxfordJournal	86946
1866.09.15_Jackson'sOxfordJournal_0008	12701	1866.09.15_Jackson'sOxfordJournal	86946
1866.09.15_LiverpoolMercuryetc_0001	8454	1866.09.15_LiverpoolMercuryetc	87859
1866.09.15_LiverpoolMercuryetc_0002	9687	1866.09.15_LiverpoolMercuryetc	87859
1866.09.15_LiverpoolMercuryetc_0003	11999	1866.09.15_LiverpoolMercuryetc	87859
1866.09.15_LiverpoolMercuryetc_0004	11035	1866.09.15_LiverpoolMercuryetc	87859
1866.09.15_LiverpoolMercuryetc_0005	13067	1866.09.15_LiverpoolMercuryetc	87859
1866.09.15_LiverpoolMercuryetc_0006	10806	1866.09.15_LiverpoolMercuryetc	87859
1866.09.15_LiverpoolMercuryetc_0007	11810	1866.09.15_LiverpoolMercuryetc	87859
1866.09.15_LiverpoolMercuryetc_0008	11001	1866.09.15_LiverpoolMercuryetc	87859
1866.09.15_ManchesterTimes_0001	7969	1866.09.15_ManchesterTimes	91798
1866.09.15_ManchesterTimes_0002	12372	1866.09.15_ManchesterTimes	91798
1866.09.15_ManchesterTimes_0003	13358	1866.09.15_ManchesterTimes	91798
1866.09.15_ManchesterTimes_0004	10974	1866.09.15_ManchesterTimes	91798
1866.09.15_ManchesterTimes_0005	12233	1866.09.15_ManchesterTimes	91798
1866.09.15_ManchesterTimes_0006	12491	1866.09.15_ManchesterTimes	91798
1866.09.15_ManchesterTimes_0007	12705	1866.09.15_ManchesterTimes	91798
1866.09.15_ManchesterTimes_0008	9696	1866.09.15_ManchesterTimes	91798
1866.09.15_ManchesterTimes_S0001	4596	1866.09.15_ManchesterTimes_	41627
1866.09.15_ManchesterTimes_S0002	4897	1866.09.15_ManchesterTimes_	41627
1866.09.15_ManchesterTimes_S0003	4957	1866.09.15_ManchesterTimes_	41627
1866.09.15_ManchesterTimes_S0004	5004	1866.09.15_ManchesterTimes_	41627
1866.09.15_ManchesterTimes_S0005	6037	1866.09.15_ManchesterTimes_	41627
1866.09.15_ManchesterTimes_S0006	5270	1866.09.15_ManchesterTimes_	41627
1866.09.15_ManchesterTimes_S0007	5785	1866.09.15_ManchesterTimes_	41627
1866.09.15_ManchesterTimes_S0008	5081	1866.09.15_ManchesterTimes_	41627
1866.09.15_NorthWalesChronicle_0001	5360	1866.09.15_NorthWalesChronicle	74629
1866.09.15_NorthWalesChronicle_0002	10271	1866.09.15_NorthWalesChronicle	74629
1866.09.15_NorthWalesChronicle_0003	12521	1866.09.15_NorthWalesChronicle	74629
1866.09.15_NorthWalesChronicle_0004	8662	1866.09.15_NorthWalesChronicle	74629
1866.09.15_NorthWalesChronicle_0005	10246	1866.09.15_NorthWalesChronicle	74629
1866.09.15_NorthWalesChronicle_0006	9237	1866.09.15_NorthWalesChronicle	74629
1866.09.15_NorthWalesChronicle_0007	7156	1866.09.15_NorthWalesChronicle	74629
1866.09.15_NorthWalesChronicle_0008	11176	1866.09.15_NorthWalesChronicle	74629
1866.09.15_TheBelfastNews-Letter_0001	7928	1866.09.15_TheBelfastNews-Letter	45863
1866.09.15_TheBelfastNews-Letter_0002	10026	1866.09.15_TheBelfastNews-Letter	45863
1866.09.15_TheBelfastNews-Letter_0003	14697	1866.09.15_TheBelfastNews-Letter	45863
1866.09.15_TheBelfastNews-Letter_0004	13212	1866.09.15_TheBelfastNews-Letter	45863
1866.09.15_TheBristolMercury_0001	12096	1866.09.15_TheBristolMercury	117204
1866.09.15_TheBristolMercury_0002	11321	1866.09.15_TheBristolMercury	117204
1866.09.15_TheBristolMercury_0003	15743	1866.09.15_TheBristolMercury	117204
1866.09.15_TheBristolMercury_0004	11285	1866.09.15_TheBristolMercury	117204
1866.09.15_TheBristolMercury_0005	13692	1866.09.15_TheBristolMercury	117204
1866.09.15_TheBristolMercury_0006	18347	1866.09.15_TheBristolMercury	117204
1866.09.15_TheBristolMercury_0007	16402	1866.09.15_TheBristolMercury	117204
1866.09.15_TheBristolMercury_0008	18318	1866.09.15_TheBristolMercury	117204
1866.09.15_TheCaledonianMercury_0001	5248	1866.09.15_TheCaledonianMercury	27337
1866.09.15_TheCaledonianMercury_0002	7167	1866.09.15_TheCaledonianMercury	27337
1866.09.15_TheCaledonianMercury_0003	6855	1866.09.15_TheCaledonianMercury	27337
1866.09.15_TheCaledonianMercury_0004	8067	1866.09.15_TheCaledonianMercury	27337
1866.09.15_TheExaminer_0001	2682	1866.09.15_TheExaminer	54445
1866.09.15_TheExaminer_0002	2978	1866.09.15_TheExaminer	54445
1866.09.15_TheExaminer_0003	3249	1866.09.15_TheExaminer	54445
1866.09.15_TheExaminer_0004	3349	1866.09.15_TheExaminer	54445
1866.09.15_TheExaminer_0005	3237	1866.09.15_TheExaminer	54445
1866.09.15_TheExaminer_0006	3585	1866.09.15_TheExaminer	54445
1866.09.15_TheExaminer_0007	3233	1866.09.15_TheExaminer	54445
1866.09.15_TheExaminer_0008	3977	1866.09.15_TheExaminer	54445
1866.09.15_TheExaminer_0009	4162	1866.09.15_TheExaminer	54445
1866.09.15_TheExaminer_0010	2663	1866.09.15_TheExaminer	54445
1866.09.15_TheExaminer_0011	2723	1866.09.15_TheExaminer	54445
1866.09.15_TheExaminer_0012	4181	1866.09.15_TheExaminer	54445
1866.09.15_TheExaminer_0013	4458	1866.09.15_TheExaminer	54445
1866.09.15_TheExaminer_0014	3702	1866.09.15_TheExaminer	54445
1866.09.15_TheExaminer_0015	3368	1866.09.15_TheExaminer	54445
1866.09.15_TheExaminer_0016	2898	1866.09.15_TheExaminer	54445
1866.09.15_TheIpswichJournal_0001	5269	1866.09.15_TheIpswichJournal	62721
1866.09.15_TheIpswichJournal_0002	7175	1866.09.15_TheIpswichJournal	62721
1866.09.15_TheIpswichJournal_0003	8038	1866.09.15_TheIpswichJournal	62721
1866.09.15_TheIpswichJournal_0004	11581	1866.09.15_TheIpswichJournal	62721
1866.09.15_TheIpswichJournal_0005	11070	1866.09.15_TheIpswichJournal	62721
1866.09.15_TheIpswichJournal_0006	3741	1866.09.15_TheIpswichJournal	62721
1866.09.15_TheIpswichJournal_0007	7755	1866.09.15_TheIpswichJournal	62721
1866.09.15_TheIpswichJournal_0008	8092	1866.09.15_TheIpswichJournal	62721
1866.09.15_TheIpswichJournal_S0001	3052	1866.09.15_TheIpswichJournal_	28472
1866.09.15_TheIpswichJournal_S0002	8089	1866.09.15_TheIpswichJournal_	28472
1866.09.15_TheIpswichJournal_S0003	9488	1866.09.15_TheIpswichJournal_	28472
1866.09.15_TheIpswichJournal_S0004	7843	1866.09.15_TheIpswichJournal_	28472
1866.09.15_TheLeedsMercury_0001	9929	1866.09.15_TheLeedsMercury	117383
1866.09.15_TheLeedsMercury_0002	13537	1866.09.15_TheLeedsMercury	117383
1866.09.15_TheLeedsMercury_0003	13106	1866.09.15_TheLeedsMercury	117383
1866.09.15_TheLeedsMercury_0004	11396	1866.09.15_TheLeedsMercury	117383
1866.09.15_TheLeedsMercury_0005	10373	1866.09.15_TheLeedsMercury	117383
1866.09.15_TheLeedsMercury_0006	11083	1866.09.15_TheLeedsMercury	117383
1866.09.15_TheLeedsMercury_0007	11550	1866.09.15_TheLeedsMercury	117383
1866.09.15_TheLeedsMercury_0008	11784	1866.09.15_TheLeedsMercury	117383
1866.09.15_TheLeedsMercury_0009	12981	1866.09.15_TheLeedsMercury	117383
1866.09.15_TheLeedsMercury_0010	11644	1866.09.15_TheLeedsMercury	117383
1866.09.15_TheLeedsMercury_S0001	10403	1866.09.15_TheLeedsMercury_	46621
1866.09.15_TheLeedsMercury_S0002	12771	1866.09.15_TheLeedsMercury_	46621
1866.09.15_TheLeedsMercury_S0003	12141	1866.09.15_TheLeedsMercury_	46621
1866.09.15_TheLeedsMercury_S0004	11306	1866.09.15_TheLeedsMercury_	46621
1866.09.15_ThePallMallGazette_0001	1646	1866.09.15_ThePallMallGazette	39179
1866.09.15_ThePallMallGazette_0002	2095	1866.09.15_ThePallMallGazette	39179
1866.09.15_ThePallMallGazette_0003	2168	1866.09.15_ThePallMallGazette	39179
1866.09.15_ThePallMallGazette_0004	2149	1866.09.15_ThePallMallGazette	39179
1866.09.15_ThePallMallGazette_0005	2302	1866.09.15_ThePallMallGazette	39179
1866.09.15_ThePallMallGazette_0006	2672	1866.09.15_ThePallMallGazette	39179
1866.09.15_ThePallMallGazette_0007	2533	1866.09.15_ThePallMallGazette	39179
1866.09.15_ThePallMallGazette_0008	2269	1866.09.15_ThePallMallGazette	39179
1866.09.15_ThePallMallGazette_0009	2556	1866.09.15_ThePallMallGazette	39179
1866.09.15_ThePallMallGazette_0010	3384	1866.09.15_ThePallMallGazette	39179
1866.09.15_ThePallMallGazette_0011	2024	1866.09.15_ThePallMallGazette	39179
1866.09.15_ThePallMallGazette_0012	2289	1866.09.15_ThePallMallGazette	39179
1866.09.15_ThePallMallGazette_0013	2048	1866.09.15_ThePallMallGazette	39179
1866.09.15_ThePallMallGazette_0014	3359	1866.09.15_ThePallMallGazette	39179
1866.09.15_ThePallMallGazette_0015	2948	1866.09.15_ThePallMallGazette	39179
1866.09.15_ThePallMallGazette_0016	2737	1866.09.15_ThePallMallGazette	39179
1866.09.15_ThePrestonGuardianetc_0001	7053	1866.09.15_ThePrestonGuardianetc	91082
1866.09.15_ThePrestonGuardianetc_0002	13529	1866.09.15_ThePrestonGuardianetc	91082
1866.09.15_ThePrestonGuardianetc_0003	12385	1866.09.15_ThePrestonGuardianetc	91082
1866.09.15_ThePrestonGuardianetc_0004	10595	1866.09.15_ThePrestonGuardianetc	91082
1866.09.15_ThePrestonGuardianetc_0005	12904	1866.09.15_ThePrestonGuardianetc	91082
1866.09.15_ThePrestonGuardianetc_0006	13498	1866.09.15_ThePrestonGuardianetc	91082
1866.09.15_ThePrestonGuardianetc_0007	12293	1866.09.15_ThePrestonGuardianetc	91082
1866.09.15_ThePrestonGuardianetc_0008	8825	1866.09.15_ThePrestonGuardianetc	91082
1866.09.15_Times_0001	12165	1866.09.15_Times	192992
1866.09.15_Times_0002	12871	1866.09.15_Times	192992
1866.09.15_Times_0003	12714	1866.09.15_Times	192992
1866.09.15_Times_0004	12805	1866.09.15_Times	192992
1866.09.15_Times_0005	13999	1866.09.15_Times	192992
1866.09.15_Times_0006	5648	1866.09.15_Times	192992
1866.09.15_Times_0007	12227	1866.09.15_Times	192992
1866.09.15_Times_0008	9631	1866.09.15_Times	192992
1866.09.15_Times_0009	8832	1866.09.15_Times	192992
1866.09.15_Times_0010	10761	1866.09.15_Times	192992
1866.09.15_Times_0011	11895	1866.09.15_Times	192992
1866.09.15_Times_0012	9952	1866.09.15_Times	192992
1866.09.15_Times_0013	14674	1866.09.15_Times	192992
1866.09.15_Times_0014	13221	1866.09.15_Times	192992
1866.09.15_Times_0015	15837	1866.09.15_Times	192992
1866.09.15_Times_0016	15760	1866.09.15_Times	192992
1866.09.16_Lloyd'sWeeklyNewspaper_0001	6075	1866.09.16_Lloyd'sWeeklyNewspaper	85581
1866.09.16_Lloyd'sWeeklyNewspaper_0002	8245	1866.09.16_Lloyd'sWeeklyNewspaper	85581
1866.09.16_Lloyd'sWeeklyNewspaper_0003	6545	1866.09.16_Lloyd'sWeeklyNewspaper	85581
1866.09.16_Lloyd'sWeeklyNewspaper_0004	7469	1866.09.16_Lloyd'sWeeklyNewspaper	85581
1866.09.16_Lloyd'sWeeklyNewspaper_0005	7914	1866.09.16_Lloyd'sWeeklyNewspaper	85581
1866.09.16_Lloyd'sWeeklyNewspaper_0006	6518	1866.09.16_Lloyd'sWeeklyNewspaper	85581
1866.09.16_Lloyd'sWeeklyNewspaper_0007	8049	1866.09.16_Lloyd'sWeeklyNewspaper	85581
1866.09.16_Lloyd'sWeeklyNewspaper_0008	8183	1866.09.16_Lloyd'sWeeklyNewspaper	85581
1866.09.16_Lloyd'sWeeklyNewspaper_0009	6531	1866.09.16_Lloyd'sWeeklyNewspaper	85581
1866.09.16_Lloyd'sWeeklyNewspaper_0010	5142	1866.09.16_Lloyd'sWeeklyNewspaper	85581
1866.09.16_Lloyd'sWeeklyNewspaper_0011	7945	1866.09.16_Lloyd'sWeeklyNewspaper	85581
1866.09.16_Lloyd'sWeeklyNewspaper_0012	6965	1866.09.16_Lloyd'sWeeklyNewspaper	85581
1866.09.16_Reynolds'sNewspaper_0001	7782	1866.09.16_Reynolds'sNewspaper	73137
1866.09.16_Reynolds'sNewspaper_0002	10515	1866.09.16_Reynolds'sNewspaper	73137
1866.09.16_Reynolds'sNewspaper_0003	10201	1866.09.16_Reynolds'sNewspaper	73137
1866.09.16_Reynolds'sNewspaper_0004	9383	1866.09.16_Reynolds'sNewspaper	73137
1866.09.16_Reynolds'sNewspaper_0005	8404	1866.09.16_Reynolds'sNewspaper	73137
1866.09.16_Reynolds'sNewspaper_0006	10754	1866.09.16_Reynolds'sNewspaper	73137
1866.09.16_Reynolds'sNewspaper_0007	6480	1866.09.16_Reynolds'sNewspaper	73137
1866.09.16_Reynolds'sNewspaper_0008	9618	1866.09.16_Reynolds'sNewspaper	73137
1866.09.16_TheEra_0001	4389	1866.09.16_TheEra	107921
1866.09.16_TheEra_0002	5754	1866.09.16_TheEra	107921
1866.09.16_TheEra_0003	7029	1866.09.16_TheEra	107921
1866.09.16_TheEra_0004	8007	1866.09.16_TheEra	107921
1866.09.16_TheEra_0005	7075	1866.09.16_TheEra	107921
1866.09.16_TheEra_0006	6565	1866.09.16_TheEra	107921
1866.09.16_TheEra_0007	6687	1866.09.16_TheEra	107921
1866.09.16_TheEra_0008	6373	1866.09.16_TheEra	107921
1866.09.16_TheEra_0009	5490	1866.09.16_TheEra	107921
1866.09.16_TheEra_0010	7142	1866.09.16_TheEra	107921
1866.09.16_TheEra_0011	7650	1866.09.16_TheEra	107921
1866.09.16_TheEra_0012	8153	1866.09.16_TheEra	107921
1866.09.16_TheEra_0013	8299	1866.09.16_TheEra	107921
1866.09.16_TheEra_0014	7266	1866.09.16_TheEra	107921
1866.09.16_TheEra_0015	6539	1866.09.16_TheEra	107921
1866.09.16_TheEra_0016	5503	1866.09.16_TheEra	107921
1866.09.17_BirminghamDailyPost_0001	9551	1866.09.17_BirminghamDailyPost	84727
1866.09.17_BirminghamDailyPost_0002	8607	1866.09.17_BirminghamDailyPost	84727
1866.09.17_BirminghamDailyPost_0003	11548	1866.09.17_BirminghamDailyPost	84727
1866.09.17_BirminghamDailyPost_0004	9858	1866.09.17_BirminghamDailyPost	84727
1866.09.17_BirminghamDailyPost_0005	11940	1866.09.17_BirminghamDailyPost	84727
1866.09.17_BirminghamDailyPost_0006	12359	1866.09.17_BirminghamDailyPost	84727
1866.09.17_BirminghamDailyPost_0007	10785	1866.09.17_BirminghamDailyPost	84727
1866.09.17_BirminghamDailyPost_0008	10079	1866.09.17_BirminghamDailyPost	84727
1866.09.17_DailyNews_0001	8272	1866.09.17_DailyNews	82410
1866.09.17_DailyNews_0002	11569	1866.09.17_DailyNews	82410
1866.09.17_DailyNews_0003	11993	1866.09.17_DailyNews	82410
1866.09.17_DailyNews_0004	8370	1866.09.17_DailyNews	82410
1866.09.17_DailyNews_0005	8984	1866.09.17_DailyNews	82410
1866.09.17_DailyNews_0006	10884	1866.09.17_DailyNews	82410
1866.09.17_DailyNews_0007	11205	1866.09.17_DailyNews	82410
1866.09.17_DailyNews_0008	11133	1866.09.17_DailyNews	82410
1866.09.17_Freeman'sJournalandDailyCommercialAdvertiser_0001	11588	1866.09.17_Freeman'sJournalandDailyCommercialAdvertiser	51121
1866.09.17_Freeman'sJournalandDailyCommercialAdvertiser_0002	12689	1866.09.17_Freeman'sJournalandDailyCommercialAdvertiser	51121
1866.09.17_Freeman'sJournalandDailyCommercialAdvertiser_0003	12233	1866.09.17_Freeman'sJournalandDailyCommercialAdvertiser	51121
1866.09.17_Freeman'sJournalandDailyCommercialAdvertiser_0004	14611	1866.09.17_Freeman'sJournalandDailyCommercialAdvertiser	51121
1866.09.17_GlasgowHerald_0001	8561	1866.09.17_GlasgowHerald	84555
1866.09.17_GlasgowHerald_0002	10086	1866.09.17_GlasgowHerald	84555
1866.09.17_GlasgowHerald_0003	10550	1866.09.17_GlasgowHerald	84555
1866.09.17_GlasgowHerald_0004	10062	1866.09.17_GlasgowHerald	84555
1866.09.17_GlasgowHerald_0005	11127	1866.09.17_GlasgowHerald	84555
1866.09.17_GlasgowHerald_0006	13094	1866.09.17_GlasgowHerald	84555
1866.09.17_GlasgowHerald_0007	11176	1866.09.17_GlasgowHerald	84555
1866.09.17_GlasgowHerald_0008	9899	1866.09.17_GlasgowHerald	84555
1866.09.17_LiverpoolMercuryetc_0001	8843	1866.09.17_LiverpoolMercuryetc	90461
1866.09.17_LiverpoolMercuryetc_0002	11710	1866.09.17_LiverpoolMercuryetc	90461
1866.09.17_LiverpoolMercuryetc_0003	11278	1866.09.17_LiverpoolMercuryetc	90461
1866.09.17_LiverpoolMercuryetc_0004	12771	1866.09.17_LiverpoolMercuryetc	90461
1866.09.17_LiverpoolMercuryetc_0005	11498	1866.09.17_LiverpoolMercuryetc	90461
1866.09.17_LiverpoolMercuryetc_0006	11094	1866.09.17_LiverpoolMercuryetc	90461
1866.09.17_LiverpoolMercuryetc_0007	11544	1866.09.17_LiverpoolMercuryetc	90461
1866.09.17_LiverpoolMercuryetc_0008	11723	1866.09.17_LiverpoolMercuryetc	90461
1866.09.17_TheBelfastNews-Letter_0001	8064	1866.09.17_TheBelfastNews-Letter	48649
1866.09.17_TheBelfastNews-Letter_0002	10831	1866.09.17_TheBelfastNews-Letter	48649
1866.09.17_TheBelfastNews-Letter_0003	14191	1866.09.17_TheBelfastNews-Letter	48649
1866.09.17_TheBelfastNews-Letter_0004	15563	1866.09.17_TheBelfastNews-Letter	48649
1866.09.17_TheCaledonianMercury_0001	4765	1866.09.17_TheCaledonianMercury	26601
1866.09.17_TheCaledonianMercury_0002	6809	1866.09.17_TheCaledonianMercury	26601
1866.09.17_TheCaledonianMercury_0003	7348	1866.09.17_TheCaledonianMercury	26601
1866.09.17_TheCaledonianMercury_0004	7679	1866.09.17_TheCaledonianMercury	26601
1866.09.17_TheLeedsMercury_0001	12351	1866.09.17_TheLeedsMercury	53830
1866.09.17_TheLeedsMercury_0002	12216	1866.09.17_TheLeedsMercury	53830
1866.09.17_TheLeedsMercury_0003	14405	1866.09.17_TheLeedsMercury	53830
1866.09.17_TheLeedsMercury_0004	14858	1866.09.17_TheLeedsMercury	53830
1866.09.17_ThePallMallGazette_0001	1650	1866.09.17_ThePallMallGazette	29143
1866.09.17_ThePallMallGazette_0002	2297	1866.09.17_ThePallMallGazette	29143
1866.09.17_ThePallMallGazette_0003	2175	1866.09.17_ThePallMallGazette	29143
1866.09.17_ThePallMallGazette_0004	2387	1866.09.17_ThePallMallGazette	29143
1866.09.17_ThePallMallGazette_0005	2560	1866.09.17_ThePallMallGazette	29143
1866.09.17_ThePallMallGazette_0006	2335	1866.09.17_ThePallMallGazette	29143
1866.09.17_ThePallMallGazette_0007	2540	1866.09.17_ThePallMallGazette	29143
1866.09.17_ThePallMallGazette_0008	3278	1866.09.17_ThePallMallGazette	29143
1866.09.17_ThePallMallGazette_0009	2161	1866.09.17_ThePallMallGazette	29143
1866.09.17_ThePallMallGazette_0010	2231	1866.09.17_ThePallMallGazette	29143
1866.09.17_ThePallMallGazette_0011	2845	1866.09.17_ThePallMallGazette	29143
1866.09.17_ThePallMallGazette_0012	2684	1866.09.17_ThePallMallGazette	29143
1866.09.17_Times_0001	11913	1866.09.17_Times	137806
1866.09.17_Times_0002	12083	1866.09.17_Times	137806
1866.09.17_Times_0003	12534	1866.09.17_Times	137806
1866.09.17_Times_0004	12160	1866.09.17_Times	137806
1866.09.17_Times_0005	11615	1866.09.17_Times	137806
1866.09.17_Times_0006	8267	1866.09.17_Times	137806
1866.09.17_Times_0007	8389	1866.09.17_Times	137806
1866.09.17_Times_0008	11647	1866.09.17_Times	137806
1866.09.17_Times_0009	12461	1866.09.17_Times	137806
1866.09.17_Times_0010	9526	1866.09.17_Times	137806
1866.09.17_Times_0011	12459	1866.09.17_Times	137806
1866.09.17_Times_0012	14752	1866.09.17_Times	137806
1866.09.18_BirminghamDailyPost_0001	9788	1866.09.18_BirminghamDailyPost	48158
1866.09.18_BirminghamDailyPost_0002	11166	1866.09.18_BirminghamDailyPost	48158
1866.09.18_BirminghamDailyPost_0003	13205	1866.09.18_BirminghamDailyPost	48158
1866.09.18_BirminghamDailyPost_0004	13999	1866.09.18_BirminghamDailyPost	48158
1866.09.18_DailyNews_0001	8705	1866.09.18_DailyNews	80781
1866.09.18_DailyNews_0002	9821	1866.09.18_DailyNews	80781
1866.09.18_DailyNews_0003	12176	1866.09.18_DailyNews	80781
1866.09.18_DailyNews_0004	8447	1866.09.18_DailyNews	80781
1866.09.18_DailyNews_0005	8931	1866.09.18_DailyNews	80781
1866.09.18_DailyNews_0006	10985	1866.09.18_DailyNews	80781
1866.09.18_DailyNews_0007	11158	1866.09.18_DailyNews	80781
1866.09.18_DailyNews_0008	10558	1866.09.18_DailyNews	80781
1866.09.18_Freeman'sJournalandDailyCommercialAdvertiser_0001	11925	1866.09.18_Freeman'sJournalandDailyCommercialAdvertiser	52706
1866.09.18_Freeman'sJournalandDailyCommercialAdvertiser_0002	11682	1866.09.18_Freeman'sJournalandDailyCommercialAdvertiser	52706
1866.09.18_Freeman'sJournalandDailyCommercialAdvertiser_0003	14011	1866.09.18_Freeman'sJournalandDailyCommercialAdvertiser	52706
1866.09.18_Freeman'sJournalandDailyCommercialAdvertiser_0004	15088	1866.09.18_Freeman'sJournalandDailyCommercialAdvertiser	52706
1866.09.18_GlasgowHerald_0001	10634	1866.09.18_GlasgowHerald	52078
1866.09.18_GlasgowHerald_0002	14646	1866.09.18_GlasgowHerald	52078
1866.09.18_GlasgowHerald_0003	14086	1866.09.18_GlasgowHerald	52078
1866.09.18_GlasgowHerald_0004	12712	1866.09.18_GlasgowHerald	52078
1866.09.18_LiverpoolMercuryetc_0001	9066	1866.09.18_LiverpoolMercuryetc	90937
1866.09.18_LiverpoolMercuryetc_0002	12029	1866.09.18_LiverpoolMercuryetc	90937
1866.09.18_LiverpoolMercuryetc_0003	11633	1866.09.18_LiverpoolMercuryetc	90937
1866.09.18_LiverpoolMercuryetc_0004	12937	1866.09.18_LiverpoolMercuryetc	90937
1866.09.18_LiverpoolMercuryetc_0005	11489	1866.09.18_LiverpoolMercuryetc	90937
1866.09.18_LiverpoolMercuryetc_0006	11389	1866.09.18_LiverpoolMercuryetc	90937
1866.09.18_LiverpoolMercuryetc_0007	10341	1866.09.18_LiverpoolMercuryetc	90937
1866.09.18_LiverpoolMercuryetc_0008	12053	1866.09.18_LiverpoolMercuryetc	90937
1866.09.18_TheBelfastNews-Letter_0001	8329	1866.09.18_TheBelfastNews-Letter	50577
1866.09.18_TheBelfastNews-Letter_0002	13052	1866.09.18_TheBelfastNews-Letter	50577
1866.09.18_TheBelfastNews-Letter_0003	14379	1866.09.18_TheBelfastNews-Letter	50577
1866.09.18_TheBelfastNews-Letter_0004	14817	1866.09.18_TheBelfastNews-Letter	50577
1866.09.18_TheCaledonianMercury_0001	5562	1866.09.18_TheCaledonianMercury	28746
1866.09.18_TheCaledonianMercury_0002	7030	1866.09.18_TheCaledonianMercury	28746
1866.09.18_TheCaledonianMercury_0003	7341	1866.09.18_TheCaledonianMercury	28746
1866.09.18_TheCaledonianMercury_0004	8813	1866.09.18_TheCaledonianMercury	28746
1866.09.18_TheLeedsMercury_0001	10585	1866.09.18_TheLeedsMercury	95724
1866.09.18_TheLeedsMercury_0002	11467	1866.09.18_TheLeedsMercury	95724
1866.09.18_TheLeedsMercury_0003	13292	1866.09.18_TheLeedsMercury	95724
1866.09.18_TheLeedsMercury_0004	10949	1866.09.18_TheLeedsMercury	95724
1866.09.18_TheLeedsMercury_0005	10126	1866.09.18_TheLeedsMercury	95724
1866.09.18_TheLeedsMercury_0006	13175	1866.09.18_TheLeedsMercury	95724
1866.09.18_TheLeedsMercury_0007	12986	1866.09.18_TheLeedsMercury	95724
1866.09.18_TheLeedsMercury_0008	13144	1866.09.18_TheLeedsMercury	95724
1866.09.18_ThePallMallGazette_0001	1620	1866.09.18_ThePallMallGazette	29127
1866.09.18_ThePallMallGazette_0002	2082	1866.09.18_ThePallMallGazette	29127
1866.09.18_ThePallMallGazette_0003	2248	1866.09.18_ThePallMallGazette	29127
1866.09.18_ThePallMallGazette_0004	2539	1866.09.18_ThePallMallGazette	29127
1866.09.18_ThePallMallGazette_0005	2471	1866.09.18_ThePallMallGazette	29127
1866.09.18_ThePallMallGazette_0006	2319	1866.09.18_ThePallMallGazette	29127
1866.09.18_ThePallMallGazette_0007	2338	1866.09.18_ThePallMallGazette	29127
1866.09.18_ThePallMallGazette_0008	3570	1866.09.18_ThePallMallGazette	29127
1866.09.18_ThePallMallGazette_0009	2146	1866.09.18_ThePallMallGazette	29127
1866.09.18_ThePallMallGazette_0010	2187	1866.09.18_ThePallMallGazette	29127
1866.09.18_ThePallMallGazette_0011	2714	1866.09.18_ThePallMallGazette	29127
1866.09.18_ThePallMallGazette_0012	2893	1866.09.18_ThePallMallGazette	29127
1866.09.18_Times_0001	12816	1866.09.18_Times	129571
1866.09.18_Times_0002	10833	1866.09.18_Times	129571
1866.09.18_Times_0003	13194	1866.09.18_Times	129571
1866.09.18_Times_0004	9137	1866.09.18_Times	129571
1866.09.18_Times_0005	6573	1866.09.18_Times	129571
1866.09.18_Times_0006	8947	1866.09.18_Times	129571
1866.09.18_Times_0007	9589	1866.09.18_Times	129571
1866.09.18_Times_0008	9664	1866.09.18_Times	129571
1866.09.18_Times_0009	11587	1866.09.18_Times	129571
1866.09.18_Times_0010	10436	1866.09.18_Times	129571
1866.09.18_Times_0011	13502	1866.09.18_Times	129571
1866.09.18_Times_0012	13293	1866.09.18_Times	129571
1866.09.19_BaneracAmserauCymru_0001	3302	1866.09.19_BaneracAmserauCymru	73905
1866.09.19_BaneracAmserauCymru_0002	4508	1866.09.19_BaneracAmserauCymru	73905
1866.09.19_BaneracAmserauCymru_0003	3285	1866.09.19_BaneracAmserauCymru	73905
1866.09.19_BaneracAmserauCymru_0004	5506	1866.09.19_BaneracAmserauCymru	73905
1866.09.19_BaneracAmserauCymru_0005	5268	1866.09.19_BaneracAmserauCymru	73905
1866.09.19_BaneracAmserauCymru_0006	4659	1866.09.19_BaneracAmserauCymru	73905
1866.09.19_BaneracAmserauCymru_0007	4700	1866.09.19_BaneracAmserauCymru	73905
1866.09.19_BaneracAmserauCymru_0008	4554	1866.09.19_BaneracAmserauCymru	73905
1866.09.19_BaneracAmserauCymru_0009	4042	1866.09.19_BaneracAmserauCymru	73905
1866.09.19_BaneracAmserauCymru_0010	4753	1866.09.19_BaneracAmserauCymru	73905
1866.09.19_BaneracAmserauCymru_0011	4905	1866.09.19_BaneracAmserauCymru	73905
1866.09.19_BaneracAmserauCymru_0012	4524	1866.09.19_BaneracAmserauCymru	73905
1866.09.19_BaneracAmserauCymru_0013	5825	1866.09.19_BaneracAmserauCymru	73905
1866.09.19_BaneracAmserauCymru_0014	6389	1866.09.19_BaneracAmserauCymru	73905
1866.09.19_BaneracAmserauCymru_0015	3869	1866.09.19_BaneracAmserauCymru	73905
1866.09.19_BaneracAmserauCymru_0016	3816	1866.09.19_BaneracAmserauCymru	73905
1866.09.19_BirminghamDailyPost_0001	9662	1866.09.19_BirminghamDailyPost	50036
1866.09.19_BirminghamDailyPost_0002	12678	1866.09.19_BirminghamDailyPost	50036
1866.09.19_BirminghamDailyPost_0003	12225	1866.09.19_BirminghamDailyPost	50036
1866.09.19_BirminghamDailyPost_0004	15471	1866.09.19_BirminghamDailyPost	50036
1866.09.19_DailyNews_0001	9396	1866.09.19_DailyNews	83319
1866.09.19_DailyNews_0002	10070	1866.09.19_DailyNews	83319
1866.09.19_DailyNews_0003	12708	1866.09.19_DailyNews	83319
1866.09.19_DailyNews_0004	8688	1866.09.19_DailyNews	83319
1866.09.19_DailyNews_0005	9335	1866.09.19_DailyNews	83319
1866.09.19_DailyNews_0006	12398	1866.09.19_DailyNews	83319
1866.09.19_DailyNews_0007	10452	1866.09.19_DailyNews	83319
1866.09.19_DailyNews_0008	10272	1866.09.19_DailyNews	83319
1866.09.19_Freeman'sJournalandDailyCommercialAdvertiser_0001	11397	1866.09.19_Freeman'sJournalandDailyCommercialAdvertiser	52816
1866.09.19_Freeman'sJournalandDailyCommercialAdvertiser_0002	11872	1866.09.19_Freeman'sJournalandDailyCommercialAdvertiser	52816
1866.09.19_Freeman'sJournalandDailyCommercialAdvertiser_0003	14784	1866.09.19_Freeman'sJournalandDailyCommercialAdvertiser	52816
1866.09.19_Freeman'sJournalandDailyCommercialAdvertiser_0004	14763	1866.09.19_Freeman'sJournalandDailyCommercialAdvertiser	52816
1866.09.19_GlasgowHerald_0001	8911	1866.09.19_GlasgowHerald	86058
1866.09.19_GlasgowHerald_0002	10424	1866.09.19_GlasgowHerald	86058
1866.09.19_GlasgowHerald_0003	12819	1866.09.19_GlasgowHerald	86058
1866.09.19_GlasgowHerald_0004	10984	1866.09.19_GlasgowHerald	86058
1866.09.19_GlasgowHerald_0005	10354	1866.09.19_GlasgowHerald	86058
1866.09.19_GlasgowHerald_0006	11360	1866.09.19_GlasgowHerald	86058
1866.09.19_GlasgowHerald_0007	10690	1866.09.19_GlasgowHerald	86058
1866.09.19_GlasgowHerald_0008	10516	1866.09.19_GlasgowHerald	86058
1866.09.19_HampshireTelegraphandSussexChronicleetc_0001	8069	1866.09.19_HampshireTelegraphandSussexChronicleetc	44636
1866.09.19_HampshireTelegraphandSussexChronicleetc_0002	11752	1866.09.19_HampshireTelegraphandSussexChronicleetc	44636
1866.09.19_HampshireTelegraphandSussexChronicleetc_0003	12448	1866.09.19_HampshireTelegraphandSussexChronicleetc	44636
1866.09.19_HampshireTelegraphandSussexChronicleetc_0004	12367	1866.09.19_HampshireTelegraphandSussexChronicleetc	44636
1866.09.19_LiverpoolMercuryetc_0001	7452	1866.09.19_LiverpoolMercuryetc	77254
1866.09.19_LiverpoolMercuryetc_0002	10342	1866.09.19_LiverpoolMercuryetc	77254
1866.09.19_LiverpoolMercuryetc_0003	11233	1866.09.19_LiverpoolMercuryetc	77254
1866.09.19_LiverpoolMercuryetc_0004	7734	1866.09.19_LiverpoolMercuryetc	77254
1866.09.19_LiverpoolMercuryetc_0005	11338	1866.09.19_LiverpoolMercuryetc	77254
1866.09.19_LiverpoolMercuryetc_0006	10400	1866.09.19_LiverpoolMercuryetc	77254
1866.09.19_LiverpoolMercuryetc_0007	11086	1866.09.19_LiverpoolMercuryetc	77254
1866.09.19_LiverpoolMercuryetc_0008	7669	1866.09.19_LiverpoolMercuryetc	77254
1866.09.19_TheAberdeenJournal_0001	8833	1866.09.19_TheAberdeenJournal	98339
1866.09.19_TheAberdeenJournal_0002	12086	1866.09.19_TheAberdeenJournal	98339
1866.09.19_TheAberdeenJournal_0003	13882	1866.09.19_TheAberdeenJournal	98339
1866.09.19_TheAberdeenJournal_0004	9852	1866.09.19_TheAberdeenJournal	98339
1866.09.19_TheAberdeenJournal_0005	13632	1866.09.19_TheAberdeenJournal	98339
1866.09.19_TheAberdeenJournal_0006	14167	1866.09.19_TheAberdeenJournal	98339
1866.09.19_TheAberdeenJournal_0007	12878	1866.09.19_TheAberdeenJournal	98339
1866.09.19_TheAberdeenJournal_0008	13009	1866.09.19_TheAberdeenJournal	98339
1866.09.19_TheBelfastNews-Letter_0001	7445	1866.09.19_TheBelfastNews-Letter	48721
1866.09.19_TheBelfastNews-Letter_0002	11305	1866.09.19_TheBelfastNews-Letter	48721
1866.09.19_TheBelfastNews-Letter_0003	14499	1866.09.19_TheBelfastNews-Letter	48721
1866.09.19_TheBelfastNews-Letter_0004	15472	1866.09.19_TheBelfastNews-Letter	48721
1866.09.19_TheCaledonianMercury_0001	4652	1866.09.19_TheCaledonianMercury	26875
1866.09.19_TheCaledonianMercury_0002	6706	1866.09.19_TheCaledonianMercury	26875
1866.09.19_TheCaledonianMercury_0003	7674	1866.09.19_TheCaledonianMercury	26875
1866.09.19_TheCaledonianMercury_0004	7843	1866.09.19_TheCaledonianMercury	26875
1866.09.19_TheDerbyMercury_0001	6705	1866.09.19_TheDerbyMercury	79479
1866.09.19_TheDerbyMercury_0002	11888	1866.09.19_TheDerbyMercury	79479
1866.09.19_TheDerbyMercury_0003	12170	1866.09.19_TheDerbyMercury	79479
1866.09.19_TheDerbyMercury_0004	5744	1866.09.19_TheDerbyMercury	79479
1866.09.19_TheDerbyMercury_0005	10174	1866.09.19_TheDerbyMercury	79479
1866.09.19_TheDerbyMercury_0006	11710	1866.09.19_TheDerbyMercury	79479
1866.09.19_TheDerbyMercury_0007	10611	1866.09.19_TheDerbyMercury	79479
1866.09.19_TheDerbyMercury_0008	10477	1866.09.19_TheDerbyMercury	79479
1866.09.19_TheLeedsMercury_0001	12466	1866.09.19_TheLeedsMercury	54101
1866.09.19_TheLeedsMercury_0002	12276	1866.09.19_TheLeedsMercury	54101
1866.09.19_TheLeedsMercury_0003	14914	1866.09.19_TheLeedsMercury	54101
1866.09.19_TheLeedsMercury_0004	14445	1866.09.19_TheLeedsMercury	54101
1866.09.19_ThePallMallGazette_0001	1639	1866.09.19_ThePallMallGazette	29214
1866.09.19_ThePallMallGazette_0002	2309	1866.09.19_ThePallMallGazette	29214
1866.09.19_ThePallMallGazette_0003	2026	1866.09.19_ThePallMallGazette	29214
1866.09.19_ThePallMallGazette_0004	2449	1866.09.19_ThePallMallGazette	29214
1866.09.19_ThePallMallGazette_0005	2596	1866.09.19_ThePallMallGazette	29214
1866.09.19_ThePallMallGazette_0006	2153	1866.09.19_ThePallMallGazette	29214
1866.09.19_ThePallMallGazette_0007	2447	1866.09.19_ThePallMallGazette	29214
1866.09.19_ThePallMallGazette_0008	3535	1866.09.19_ThePallMallGazette	29214
1866.09.19_ThePallMallGazette_0009	2095	1866.09.19_ThePallMallGazette	29214
1866.09.19_ThePallMallGazette_0010	2368	1866.09.19_ThePallMallGazette	29214
1866.09.19_ThePallMallGazette_0011	2936	1866.09.19_ThePallMallGazette	29214
1866.09.19_ThePallMallGazette_0012	2661	1866.09.19_ThePallMallGazette	29214
1866.09.19_Times_0001	11890	1866.09.19_Times	186955
1866.09.19_Times_0002	12789	1866.09.19_Times	186955
1866.09.19_Times_0003	12099	1866.09.19_Times	186955
1866.09.19_Times_0004	11948	1866.09.19_Times	186955
1866.09.19_Times_0005	13335	1866.09.19_Times	186955
1866.09.19_Times_0006	6459	1866.09.19_Times	186955
1866.09.19_Times_0007	9649	1866.09.19_Times	186955
1866.09.19_Times_0008	11189	1866.09.19_Times	186955
1866.09.19_Times_0009	9524	1866.09.19_Times	186955
1866.09.19_Times_0010	11461	1866.09.19_Times	186955
1866.09.19_Times_0011	11623	1866.09.19_Times	186955
1866.09.19_Times_0012	11156	1866.09.19_Times	186955
1866.09.19_Times_0013	12853	1866.09.19_Times	186955
1866.09.19_Times_0014	13329	1866.09.19_Times	186955
1866.09.19_Times_0015	12283	1866.09.19_Times	186955
1866.09.19_Times_0016	15368	1866.09.19_Times	186955
1866.09.20_BirminghamDailyPost_0001	9426	1866.09.20_BirminghamDailyPost	83594
1866.09.20_BirminghamDailyPost_0002	8080	1866.09.20_BirminghamDailyPost	83594
1866.09.20_BirminghamDailyPost_0003	10620	1866.09.20_BirminghamDailyPost	83594
1866.09.20_BirminghamDailyPost_0004	9691	1866.09.20_BirminghamDailyPost	83594
1866.09.20_BirminghamDailyPost_0005	11037	1866.09.20_BirminghamDailyPost	83594
1866.09.20_BirminghamDailyPost_0006	12183	1866.09.20_BirminghamDailyPost	83594
1866.09.20_BirminghamDailyPost_0007	11789	1866.09.20_BirminghamDailyPost	83594
1866.09.20_BirminghamDailyPost_0008	10768	1866.09.20_BirminghamDailyPost	83594
1866.09.20_DailyNews_0001	9316	1866.09.20_DailyNews	80138
1866.09.20_DailyNews_0002	10039	1866.09.20_DailyNews	80138
1866.09.20_DailyNews_0003	12615	1866.09.20_DailyNews	80138
1866.09.20_DailyNews_0004	8173	1866.09.20_DailyNews	80138
1866.09.20_DailyNews_0005	8007	1866.09.20_DailyNews	80138
1866.09.20_DailyNews_0006	10628	1866.09.20_DailyNews	80138
1866.09.20_DailyNews_0007	10905	1866.09.20_DailyNews	80138
1866.09.20_DailyNews_0008	10455	1866.09.20_DailyNews	80138
1866.09.20_Freeman'sJournalandDailyCommercialAdvertiser_0001	11640	1866.09.20_Freeman'sJournalandDailyCommercialAdvertiser	52971
1866.09.20_Freeman'sJournalandDailyCommercialAdvertiser_0002	11629	1866.09.20_Freeman'sJournalandDailyCommercialAdvertiser	52971
1866.09.20_Freeman'sJournalandDailyCommercialAdvertiser_0003	14853	1866.09.20_Freeman'sJournalandDailyCommercialAdvertiser	52971
1866.09.20_Freeman'sJournalandDailyCommercialAdvertiser_0004	14849	1866.09.20_Freeman'sJournalandDailyCommercialAdvertiser	52971
1866.09.20_GlasgowHerald_0001	11531	1866.09.20_GlasgowHerald	52981
1866.09.20_GlasgowHerald_0002	13949	1866.09.20_GlasgowHerald	52981
1866.09.20_GlasgowHerald_0003	14128	1866.09.20_GlasgowHerald	52981
1866.09.20_GlasgowHerald_0004	13373	1866.09.20_GlasgowHerald	52981
1866.09.20_LiverpoolMercuryetc_0001	7570	1866.09.20_LiverpoolMercuryetc	84109
1866.09.20_LiverpoolMercuryetc_0002	10467	1866.09.20_LiverpoolMercuryetc	84109
1866.09.20_LiverpoolMercuryetc_0003	10985	1866.09.20_LiverpoolMercuryetc	84109
1866.09.20_LiverpoolMercuryetc_0004	9944	1866.09.20_LiverpoolMercuryetc	84109
1866.09.20_LiverpoolMercuryetc_0005	11849	1866.09.20_LiverpoolMercuryetc	84109
1866.09.20_LiverpoolMercuryetc_0006	11729	1866.09.20_LiverpoolMercuryetc	84109
1866.09.20_LiverpoolMercuryetc_0007	12013	1866.09.20_LiverpoolMercuryetc	84109
1866.09.20_LiverpoolMercuryetc_0008	9552	1866.09.20_LiverpoolMercuryetc	84109
1866.09.20_TheBelfastNews-Letter_0001	7973	1866.09.20_TheBelfastNews-Letter	49982
1866.09.20_TheBelfastNews-Letter_0002	11815	1866.09.20_TheBelfastNews-Letter	49982
1866.09.20_TheBelfastNews-Letter_0003	15102	1866.09.20_TheBelfastNews-Letter	49982
1866.09.20_TheBelfastNews-Letter_0004	15092	1866.09.20_TheBelfastNews-Letter	49982
1866.09.20_TheCaledonianMercury_0001	5152	1866.09.20_TheCaledonianMercury	27352
1866.09.20_TheCaledonianMercury_0002	6886	1866.09.20_TheCaledonianMercury	27352
1866.09.20_TheCaledonianMercury_0003	7149	1866.09.20_TheCaledonianMercury	27352
1866.09.20_TheCaledonianMercury_0004	8165	1866.09.20_TheCaledonianMercury	27352
1866.09.20_TheLeedsMercury_0001	11707	1866.09.20_TheLeedsMercury	52969
1866.09.20_TheLeedsMercury_0002	12586	1866.09.20_TheLeedsMercury	52969
1866.09.20_TheLeedsMercury_0003	14445	1866.09.20_TheLeedsMercury	52969
1866.09.20_TheLeedsMercury_0004	14231	1866.09.20_TheLeedsMercury	52969
1866.09.20_ThePallMallGazette_0001	1640	1866.09.20_ThePallMallGazette	29310
1866.09.20_ThePallMallGazette_0002	2122	1866.09.20_ThePallMallGazette	29310
1866.09.20_ThePallMallGazette_0003	2193	1866.09.20_ThePallMallGazette	29310
1866.09.20_ThePallMallGazette_0004	2481	1866.09.20_ThePallMallGazette	29310
1866.09.20_ThePallMallGazette_0005	2589	1866.09.20_ThePallMallGazette	29310
1866.09.20_ThePallMallGazette_0006	2275	1866.09.20_ThePallMallGazette	29310
1866.09.20_ThePallMallGazette_0007	2478	1866.09.20_ThePallMallGazette	29310
1866.09.20_ThePallMallGazette_0008	3431	1866.09.20_ThePallMallGazette	29310
1866.09.20_ThePallMallGazette_0009	2068	1866.09.20_ThePallMallGazette	29310
1866.09.20_ThePallMallGazette_0010	2389	1866.09.20_ThePallMallGazette	29310
1866.09.20_ThePallMallGazette_0011	2862	1866.09.20_ThePallMallGazette	29310
1866.09.20_ThePallMallGazette_0012	2782	1866.09.20_ThePallMallGazette	29310
1866.09.20_Times_0001	13302	1866.09.20_Times	135424
1866.09.20_Times_0002	12626	1866.09.20_Times	135424
1866.09.20_Times_0003	13230	1866.09.20_Times	135424
1866.09.20_Times_0004	11700	1866.09.20_Times	135424
1866.09.20_Times_0005	7646	1866.09.20_Times	135424
1866.09.20_Times_0006	9469	1866.09.20_Times	135424
1866.09.20_Times_0007	9615	1866.09.20_Times	135424
1866.09.20_Times_0008	9613	1866.09.20_Times	135424
1866.09.20_Times_0009	12003	1866.09.20_Times	135424
1866.09.20_Times_0010	10223	1866.09.20_Times	135424
1866.09.20_Times_0011	12867	1866.09.20_Times	135424
1866.09.20_Times_0012	13130	1866.09.20_Times	135424
1866.09.21_BirminghamDailyPost_0001	9772	1866.09.21_BirminghamDailyPost	49075
1866.09.21_BirminghamDailyPost_0002	12912	1866.09.21_BirminghamDailyPost	49075
1866.09.21_BirminghamDailyPost_0003	12358	1866.09.21_BirminghamDailyPost	49075
1866.09.21_BirminghamDailyPost_0004	14033	1866.09.21_BirminghamDailyPost	49075
1866.09.21_DailyNews_0001	9469	1866.09.21_DailyNews	83649
1866.09.21_DailyNews_0002	10872	1866.09.21_DailyNews	83649
1866.09.21_DailyNews_0003	12139	1866.09.21_DailyNews	83649
1866.09.21_DailyNews_0004	7911	1866.09.21_DailyNews	83649
1866.09.21_DailyNews_0005	9045	1866.09.21_DailyNews	83649
1866.09.21_DailyNews_0006	13294	1866.09.21_DailyNews	83649
1866.09.21_DailyNews_0007	10671	1866.09.21_DailyNews	83649
1866.09.21_DailyNews_0008	10248	1866.09.21_DailyNews	83649
1866.09.21_Freeman'sJournalandDailyCommercialAdvertiser_0001	11765	1866.09.21_Freeman'sJournalandDailyCommercialAdvertiser	53237
1866.09.21_Freeman'sJournalandDailyCommercialAdvertiser_0002	11169	1866.09.21_Freeman'sJournalandDailyCommercialAdvertiser	53237
1866.09.21_Freeman'sJournalandDailyCommercialAdvertiser_0003	14296	1866.09.21_Freeman'sJournalandDailyCommercialAdvertiser	53237
1866.09.21_Freeman'sJournalandDailyCommercialAdvertiser_0004	16007	1866.09.21_Freeman'sJournalandDailyCommercialAdvertiser	53237
1866.09.21_GlasgowHerald_0001	9678	1866.09.21_GlasgowHerald	83427
1866.09.21_GlasgowHerald_0002	9807	1866.09.21_GlasgowHerald	83427
1866.09.21_GlasgowHerald_0003	10995	1866.09.21_GlasgowHerald	83427
1866.09.21_GlasgowHerald_0004	10291	1866.09.21_GlasgowHerald	83427
1866.09.21_GlasgowHerald_0005	10646	1866.09.21_GlasgowHerald	83427
1866.09.21_GlasgowHerald_0006	11242	1866.09.21_GlasgowHerald	83427
1866.09.21_GlasgowHerald_0007	10933	1866.09.21_GlasgowHerald	83427
1866.09.21_GlasgowHerald_0008	9835	1866.09.21_GlasgowHerald	83427
1866.09.21_LiverpoolMercuryetc_0001	11331	1866.09.21_LiverpoolMercuryetc	103287
1866.09.21_LiverpoolMercuryetc_0002	12313	1866.09.21_LiverpoolMercuryetc	103287
1866.09.21_LiverpoolMercuryetc_0003	11628	1866.09.21_LiverpoolMercuryetc	103287
1866.09.21_LiverpoolMercuryetc_0004	13733	1866.09.21_LiverpoolMercuryetc	103287
1866.09.21_LiverpoolMercuryetc_0005	13956	1866.09.21_LiverpoolMercuryetc	103287
1866.09.21_LiverpoolMercuryetc_0006	14044	1866.09.21_LiverpoolMercuryetc	103287
1866.09.21_LiverpoolMercuryetc_0007	14394	1866.09.21_LiverpoolMercuryetc	103287
1866.09.21_LiverpoolMercuryetc_0008	11888	1866.09.21_LiverpoolMercuryetc	103287
1866.09.21_TheBelfastNews-Letter_0001	6838	1866.09.21_TheBelfastNews-Letter	47280
1866.09.21_TheBelfastNews-Letter_0002	10451	1866.09.21_TheBelfastNews-Letter	47280
1866.09.21_TheBelfastNews-Letter_0003	14278	1866.09.21_TheBelfastNews-Letter	47280
1866.09.21_TheBelfastNews-Letter_0004	15713	1866.09.21_TheBelfastNews-Letter	47280
1866.09.21_TheCaledonianMercury_0001	6502	1866.09.21_TheCaledonianMercury	29292
1866.09.21_TheCaledonianMercury_0002	6895	1866.09.21_TheCaledonianMercury	29292
1866.09.21_TheCaledonianMercury_0003	7560	1866.09.21_TheCaledonianMercury	29292
1866.09.21_TheCaledonianMercury_0004	8335	1866.09.21_TheCaledonianMercury	29292
1866.09.21_TheHullPacketandEastRidingTimes_0001	5480	1866.09.21_TheHullPacketandEastRidingTimes	78873
1866.09.21_TheHullPacketandEastRidingTimes_0002	10460	1866.09.21_TheHullPacketandEastRidingTimes	78873
1866.09.21_TheHullPacketandEastRidingTimes_0003	11564	1866.09.21_TheHullPacketandEastRidingTimes	78873
1866.09.21_TheHullPacketandEastRidingTimes_0004	10692	1866.09.21_TheHullPacketandEastRidingTimes	78873
1866.09.21_TheHullPacketandEastRidingTimes_0005	8067	1866.09.21_TheHullPacketandEastRidingTimes	78873
1866.09.21_TheHullPacketandEastRidingTimes_0006	11995	1866.09.21_TheHullPacketandEastRidingTimes	78873
1866.09.21_TheHullPacketandEastRidingTimes_0007	10950	1866.09.21_TheHullPacketandEastRidingTimes	78873
1866.09.21_TheHullPacketandEastRidingTimes_0008	9665	1866.09.21_TheHullPacketandEastRidingTimes	78873
1866.09.21_TheLeedsMercury_0001	11660	1866.09.21_TheLeedsMercury	54197
1866.09.21_TheLeedsMercury_0002	12662	1866.09.21_TheLeedsMercury	54197
1866.09.21_TheLeedsMercury_0003	15127	1866.09.21_TheLeedsMercury	54197
1866.09.21_TheLeedsMercury_0004	14748	1866.09.21_TheLeedsMercury	54197
1866.09.21_TheNewcastleCourantetc_0001	8350	1866.09.21_TheNewcastleCourantetc	72686
1866.09.21_TheNewcastleCourantetc_0002	5474	1866.09.21_TheNewcastleCourantetc	72686
1866.09.21_TheNewcastleCourantetc_0003	5203	1866.09.21_TheNewcastleCourantetc	72686
1866.09.21_TheNewcastleCourantetc_0004	9864	1866.09.21_TheNewcastleCourantetc	72686
1866.09.21_TheNewcastleCourantetc_0005	13450	1866.09.21_TheNewcastleCourantetc	72686
1866.09.21_TheNewcastleCourantetc_0006	10760	1866.09.21_TheNewcastleCourantetc	72686
1866.09.21_TheNewcastleCourantetc_0007	7583	1866.09.21_TheNewcastleCourantetc	72686
1866.09.21_TheNewcastleCourantetc_0008	12002	1866.09.21_TheNewcastleCourantetc	72686
1866.09.21_ThePallMallGazette_0001	1584	1866.09.21_ThePallMallGazette	28968
1866.09.21_ThePallMallGazette_0002	2161	1866.09.21_ThePallMallGazette	28968
1866.09.21_ThePallMallGazette_0003	2090	1866.09.21_ThePallMallGazette	28968
1866.09.21_ThePallMallGazette_0004	2411	1866.09.21_ThePallMallGazette	28968
1866.09.21_ThePallMallGazette_0005	2509	1866.09.21_ThePallMallGazette	28968
1866.09.21_ThePallMallGazette_0006	2361	1866.09.21_ThePallMallGazette	28968
1866.09.21_ThePallMallGazette_0007	2488	1866.09.21_ThePallMallGazette	28968
1866.09.21_ThePallMallGazette_0008	3554	1866.09.21_ThePallMallGazette	28968
1866.09.21_ThePallMallGazette_0009	2230	1866.09.21_ThePallMallGazette	28968
1866.09.21_ThePallMallGazette_0010	2046	1866.09.21_ThePallMallGazette	28968
1866.09.21_ThePallMallGazette_0011	2614	1866.09.21_ThePallMallGazette	28968
1866.09.21_ThePallMallGazette_0012	2920	1866.09.21_ThePallMallGazette	28968
1866.09.21_Times_0001	12129	1866.09.21_Times	135878
1866.09.21_Times_0002	12627	1866.09.21_Times	135878
1866.09.21_Times_0003	13549	1866.09.21_Times	135878
1866.09.21_Times_0004	11598	1866.09.21_Times	135878
1866.09.21_Times_0005	6972	1866.09.21_Times	135878
1866.09.21_Times_0006	8978	1866.09.21_Times	135878
1866.09.21_Times_0007	9744	1866.09.21_Times	135878
1866.09.21_Times_0008	9740	1866.09.21_Times	135878
1866.09.21_Times_0009	13215	1866.09.21_Times	135878
1866.09.21_Times_0010	10840	1866.09.21_Times	135878
1866.09.21_Times_0011	12808	1866.09.21_Times	135878
1866.09.21_Times_0012	13678	1866.09.21_Times	135878
1866.09.22_BaneracAmserauCymru_0001	2993	1866.09.22_BaneracAmserauCymru	35767
1866.09.22_BaneracAmserauCymru_0002	4508	1866.09.22_BaneracAmserauCymru	35767
1866.09.22_BaneracAmserauCymru_0003	4709	1866.09.22_BaneracAmserauCymru	35767
1866.09.22_BaneracAmserauCymru_0004	3971	1866.09.22_BaneracAmserauCymru	35767
1866.09.22_BaneracAmserauCymru_0005	5093	1866.09.22_BaneracAmserauCymru	35767
1866.09.22_BaneracAmserauCymru_0006	4615	1866.09.22_BaneracAmserauCymru	35767
1866.09.22_BaneracAmserauCymru_0007	5415	1866.09.22_BaneracAmserauCymru	35767
1866.09.22_BaneracAmserauCymru_0008	4463	1866.09.22_BaneracAmserauCymru	35767
1866.09.22_BirminghamDailyPost_0001	10373	1866.09.22_BirminghamDailyPost	48721
1866.09.22_BirminghamDailyPost_0002	11858	1866.09.22_BirminghamDailyPost	48721
1866.09.22_BirminghamDailyPost_0003	12870	1866.09.22_BirminghamDailyPost	48721
1866.09.22_BirminghamDailyPost_0004	13620	1866.09.22_BirminghamDailyPost	48721
1866.09.22_DailyNews_0001	9200	1866.09.22_DailyNews	82682
1866.09.22_DailyNews_0002	11438	1866.09.22_DailyNews	82682
1866.09.22_DailyNews_0003	11491	1866.09.22_DailyNews	82682
1866.09.22_DailyNews_0004	8846	1866.09.22_DailyNews	82682
1866.09.22_DailyNews_0005	9219	1866.09.22_DailyNews	82682
1866.09.22_DailyNews_0006	12515	1866.09.22_DailyNews	82682
1866.09.22_DailyNews_0007	10392	1866.09.22_DailyNews	82682
1866.09.22_DailyNews_0008	9581	1866.09.22_DailyNews	82682
1866.09.22_Freeman'sJournalandDailyCommercialAdvertiser_0001	11658	1866.09.22_Freeman'sJournalandDailyCommercialAdvertiser	50532
1866.09.22_Freeman'sJournalandDailyCommercialAdvertiser_0002	11104	1866.09.22_Freeman'sJournalandDailyCommercialAdvertiser	50532
1866.09.22_Freeman'sJournalandDailyCommercialAdvertiser_0003	13253	1866.09.22_Freeman'sJournalandDailyCommercialAdvertiser	50532
1866.09.22_Freeman'sJournalandDailyCommercialAdvertiser_0004	14517	1866.09.22_Freeman'sJournalandDailyCommercialAdvertiser	50532
1866.09.22_GlasgowHerald_0001	9027	1866.09.22_GlasgowHerald	84190
1866.09.22_GlasgowHerald_0002	12052	1866.09.22_GlasgowHerald	84190
1866.09.22_GlasgowHerald_0003	10833	1866.09.22_GlasgowHerald	84190
1866.09.22_GlasgowHerald_0004	9716	1866.09.22_GlasgowHerald	84190
1866.09.22_GlasgowHerald_0005	10870	1866.09.22_GlasgowHerald	84190
1866.09.22_GlasgowHerald_0006	11676	1866.09.22_GlasgowHerald	84190
1866.09.22_GlasgowHerald_0007	9851	1866.09.22_GlasgowHerald	84190
1866.09.22_GlasgowHerald_0008	10165	1866.09.22_GlasgowHerald	84190
1866.09.22_HampshireTelegraphandSussexChronicleetc_0001	8214	1866.09.22_HampshireTelegraphandSussexChronicleetc	84965
1866.09.22_HampshireTelegraphandSussexChronicleetc_0002	9153	1866.09.22_HampshireTelegraphandSussexChronicleetc	84965
1866.09.22_HampshireTelegraphandSussexChronicleetc_0003	11265	1866.09.22_HampshireTelegraphandSussexChronicleetc	84965
1866.09.22_HampshireTelegraphandSussexChronicleetc_0004	9932	1866.09.22_HampshireTelegraphandSussexChronicleetc	84965
1866.09.22_HampshireTelegraphandSussexChronicleetc_0005	11870	1866.09.22_HampshireTelegraphandSussexChronicleetc	84965
1866.09.22_HampshireTelegraphandSussexChronicleetc_0006	11140	1866.09.22_HampshireTelegraphandSussexChronicleetc	84965
1866.09.22_HampshireTelegraphandSussexChronicleetc_0007	13244	1866.09.22_HampshireTelegraphandSussexChronicleetc	84965
1866.09.22_HampshireTelegraphandSussexChronicleetc_0008	10147	1866.09.22_HampshireTelegraphandSussexChronicleetc	84965
1866.09.22_Jackson'sOxfordJournal_0001	7163	1866.09.22_Jackson'sOxfordJournal	86055
1866.09.22_Jackson'sOxfordJournal_0002	10098	1866.09.22_Jackson'sOxfordJournal	86055
1866.09.22_Jackson'sOxfordJournal_0003	11393	1866.09.22_Jackson'sOxfordJournal	86055
1866.09.22_Jackson'sOxfordJournal_0004	9623	1866.09.22_Jackson'sOxfordJournal	86055
1866.09.22_Jackson'sOxfordJournal_0005	11680	1866.09.22_Jackson'sOxfordJournal	86055
1866.09.22_Jackson'sOxfordJournal_0006	12298	1866.09.22_Jackson'sOxfordJournal	86055
1866.09.22_Jackson'sOxfordJournal_0007	11756	1866.09.22_Jackson'sOxfordJournal	86055
1866.09.22_Jackson'sOxfordJournal_0008	12044	1866.09.22_Jackson'sOxfordJournal	86055
1866.09.22_LiverpoolMercuryetc_0001	10118	1866.09.22_LiverpoolMercuryetc	98986
1866.09.22_LiverpoolMercuryetc_0002	12010	1866.09.22_LiverpoolMercuryetc	98986
1866.09.22_LiverpoolMercuryetc_0003	12029	1866.09.22_LiverpoolMercuryetc	98986
1866.09.22_LiverpoolMercuryetc_0004	12238	1866.09.22_LiverpoolMercuryetc	98986
1866.09.22_LiverpoolMercuryetc_0005	14207	1866.09.22_LiverpoolMercuryetc	98986
1866.09.22_LiverpoolMercuryetc_0006	11845	1866.09.22_LiverpoolMercuryetc	98986
1866.09.22_LiverpoolMercuryetc_0007	13515	1866.09.22_LiverpoolMercuryetc	98986
1866.09.22_LiverpoolMercuryetc_0008	13024	1866.09.22_LiverpoolMercuryetc	98986
1866.09.22_ManchesterTimes_0001	6888	1866.09.22_ManchesterTimes	87582
1866.09.22_ManchesterTimes_0002	11973	1866.09.22_ManchesterTimes	87582
1866.09.22_ManchesterTimes_0003	12910	1866.09.22_ManchesterTimes	87582
1866.09.22_ManchesterTimes_0004	9897	1866.09.22_ManchesterTimes	87582
1866.09.22_ManchesterTimes_0005	12815	1866.09.22_ManchesterTimes	87582
1866.09.22_ManchesterTimes_0006	12296	1866.09.22_ManchesterTimes	87582
1866.09.22_ManchesterTimes_0007	11936	1866.09.22_ManchesterTimes	87582
1866.09.22_ManchesterTimes_0008	8867	1866.09.22_ManchesterTimes	87582
1866.09.22_ManchesterTimes_S0001	5121	1866.09.22_ManchesterTimes_	42739
1866.09.22_ManchesterTimes_S0002	4990	1866.09.22_ManchesterTimes_	42739
1866.09.22_ManchesterTimes_S0003	5076	1866.09.22_ManchesterTimes_	42739
1866.09.22_ManchesterTimes_S0004	5119	1866.09.22_ManchesterTimes_	42739
1866.09.22_ManchesterTimes_S0005	5834	1866.09.22_ManchesterTimes_	42739
1866.09.22_ManchesterTimes_S0006	5292	1866.09.22_ManchesterTimes_	42739
1866.09.22_ManchesterTimes_S0007	5780	1866.09.22_ManchesterTimes_	42739
1866.09.22_ManchesterTimes_S0008	5527	1866.09.22_ManchesterTimes_	42739
1866.09.22_NorthWalesChronicle_0001	5491	1866.09.22_NorthWalesChronicle	72091
1866.09.22_NorthWalesChronicle_0002	11158	1866.09.22_NorthWalesChronicle	72091
1866.09.22_NorthWalesChronicle_0003	10650	1866.09.22_NorthWalesChronicle	72091
1866.09.22_NorthWalesChronicle_0004	8097	1866.09.22_NorthWalesChronicle	72091
1866.09.22_NorthWalesChronicle_0005	9965	1866.09.22_NorthWalesChronicle	72091
1866.09.22_NorthWalesChronicle_0006	8395	1866.09.22_NorthWalesChronicle	72091
1866.09.22_NorthWalesChronicle_0007	6751	1866.09.22_NorthWalesChronicle	72091
1866.09.22_NorthWalesChronicle_0008	11584	1866.09.22_NorthWalesChronicle	72091
1866.09.22_TheBelfastNews-Letter_0001	8660	1866.09.22_TheBelfastNews-Letter	49208
1866.09.22_TheBelfastNews-Letter_0002	10431	1866.09.22_TheBelfastNews-Letter	49208
1866.09.22_TheBelfastNews-Letter_0003	14797	1866.09.22_TheBelfastNews-Letter	49208
1866.09.22_TheBelfastNews-Letter_0004	15320	1866.09.22_TheBelfastNews-Letter	49208
1866.09.22_TheBristolMercury_0001	12689	1866.09.22_TheBristolMercury	115720
1866.09.22_TheBristolMercury_0002	12469	1866.09.22_TheBristolMercury	115720
1866.09.22_TheBristolMercury_0003	16380	1866.09.22_TheBristolMercury	115720
1866.09.22_TheBristolMercury_0004	10325	1866.09.22_TheBristolMercury	115720
1866.09.22_TheBristolMercury_0005	13753	1866.09.22_TheBristolMercury	115720
1866.09.22_TheBristolMercury_0006	18079	1866.09.22_TheBristolMercury	115720
1866.09.22_TheBristolMercury_0007	16224	1866.09.22_TheBristolMercury	115720
1866.09.22_TheBristolMercury_0008	15801	1866.09.22_TheBristolMercury	115720
1866.09.22_TheCaledonianMercury_0001	5549	1866.09.22_TheCaledonianMercury	28687
1866.09.22_TheCaledonianMercury_0002	7565	1866.09.22_TheCaledonianMercury	28687
1866.09.22_TheCaledonianMercury_0003	7740	1866.09.22_TheCaledonianMercury	28687
1866.09.22_TheCaledonianMercury_0004	7833	1866.09.22_TheCaledonianMercury	28687
1866.09.22_TheExaminer_0001	2605	1866.09.22_TheExaminer	54762
1866.09.22_TheExaminer_0002	3066	1866.09.22_TheExaminer	54762
1866.09.22_TheExaminer_0003	3140	1866.09.22_TheExaminer	54762
1866.09.22_TheExaminer_0004	3608	1866.09.22_TheExaminer	54762
1866.09.22_TheExaminer_0005	3627	1866.09.22_TheExaminer	54762
1866.09.22_TheExaminer_0006	3343	1866.09.22_TheExaminer	54762
1866.09.22_TheExaminer_0007	3746	1866.09.22_TheExaminer	54762
1866.09.22_TheExaminer_0008	3732	1866.09.22_TheExaminer	54762
1866.09.22_TheExaminer_0009	2470	1866.09.22_TheExaminer	54762
1866.09.22_TheExaminer_0010	3587	1866.09.22_TheExaminer	54762
1866.09.22_TheExaminer_0011	4258	1866.09.22_TheExaminer	54762
1866.09.22_TheExaminer_0012	4282	1866.09.22_TheExaminer	54762
1866.09.22_TheExaminer_0013	3612	1866.09.22_TheExaminer	54762
1866.09.22_TheExaminer_0014	4044	1866.09.22_TheExaminer	54762
1866.09.22_TheExaminer_0015	2877	1866.09.22_TheExaminer	54762
1866.09.22_TheExaminer_0016	2765	1866.09.22_TheExaminer	54762
1866.09.22_TheIpswichJournal_0001	6644	1866.09.22_TheIpswichJournal	107066
1866.09.22_TheIpswichJournal_0002	6780	1866.09.22_TheIpswichJournal	107066
1866.09.22_TheIpswichJournal_0003	8352	1866.09.22_TheIpswichJournal	107066
1866.09.22_TheIpswichJournal_0004	6181	1866.09.22_TheIpswichJournal	107066
1866.09.22_TheIpswichJournal_0005	11507	1866.09.22_TheIpswichJournal	107066
1866.09.22_TheIpswichJournal_0006	3147	1866.09.22_TheIpswichJournal	107066
1866.09.22_TheIpswichJournal_0007	7129	1866.09.22_TheIpswichJournal	107066
1866.09.22_TheIpswichJournal_0008	10411	1866.09.22_TheIpswichJournal	107066
1866.09.22_TheIpswichJournal_0009	11295	1866.09.22_TheIpswichJournal	107066
1866.09.22_TheIpswichJournal_0010	12306	1866.09.22_TheIpswichJournal	107066
1866.09.22_TheIpswichJournal_0011	13831	1866.09.22_TheIpswichJournal	107066
1866.09.22_TheIpswichJournal_0012	9483	1866.09.22_TheIpswichJournal	107066
1866.09.22_TheLeedsMercury_0001	10622	1866.09.22_TheLeedsMercury	116161
1866.09.22_TheLeedsMercury_0002	12514	1866.09.22_TheLeedsMercury	116161
1866.09.22_TheLeedsMercury_0003	13158	1866.09.22_TheLeedsMercury	116161
1866.09.22_TheLeedsMercury_0004	11420	1866.09.22_TheLeedsMercury	116161
1866.09.22_TheLeedsMercury_0005	10811	1866.09.22_TheLeedsMercury	116161
1866.09.22_TheLeedsMercury_0006	11982	1866.09.22_TheLeedsMercury	116161
1866.09.22_TheLeedsMercury_0007	11851	1866.09.22_TheLeedsMercury	116161
1866.09.22_TheLeedsMercury_0008	11603	1866.09.22_TheLeedsMercury	116161
1866.09.22_TheLeedsMercury_0009	12690	1866.09.22_TheLeedsMercury	116161
1866.09.22_TheLeedsMercury_0010	9510	1866.09.22_TheLeedsMercury	116161
1866.09.22_TheLeedsMercury_S0001	10512	1866.09.22_TheLeedsMercury_	46509
1866.09.22_TheLeedsMercury_S0002	12451	1866.09.22_TheLeedsMercury_	46509
1866.09.22_TheLeedsMercury_S0003	12270	1866.09.22_TheLeedsMercury_	46509
1866.09.22_TheLeedsMercury_S0004	11276	1866.09.22_TheLeedsMercury_	46509
1866.09.22_ThePallMallGazette_0001	1725	1866.09.22_ThePallMallGazette	39186
1866.09.22_ThePallMallGazette_0002	2155	1866.09.22_ThePallMallGazette	39186
1866.09.22_ThePallMallGazette_0003	2244	1866.09.22_ThePallMallGazette	39186
1866.09.22_ThePallMallGazette_0004	2036	1866.09.22_ThePallMallGazette	39186
1866.09.22_ThePallMallGazette_0005	2138	1866.09.22_ThePallMallGazette	39186
1866.09.22_ThePallMallGazette_0006	2616	1866.09.22_ThePallMallGazette	39186
1866.09.22_ThePallMallGazette_0007	2546	1866.09.22_ThePallMallGazette	39186
1866.09.22_ThePallMallGazette_0008	2126	1866.09.22_ThePallMallGazette	39186
1866.09.22_ThePallMallGazette_0009	2398	1866.09.22_ThePallMallGazette	39186
1866.09.22_ThePallMallGazette_0010	3535	1866.09.22_ThePallMallGazette	39186
1866.09.22_ThePallMallGazette_0011	2064	1866.09.22_ThePallMallGazette	39186
1866.09.22_ThePallMallGazette_0012	2224	1866.09.22_ThePallMallGazette	39186
1866.09.22_ThePallMallGazette_0013	2376	1866.09.22_ThePallMallGazette	39186
1866.09.22_ThePallMallGazette_0014	3128	1866.09.22_ThePallMallGazette	39186
1866.09.22_ThePallMallGazette_0015	3204	1866.09.22_ThePallMallGazette	39186
1866.09.22_ThePallMallGazette_0016	2671	1866.09.22_ThePallMallGazette	39186
1866.09.22_ThePrestonGuardianetc_0001	7803	1866.09.22_ThePrestonGuardianetc	93436
1866.09.22_ThePrestonGuardianetc_0002	13051	1866.09.22_ThePrestonGuardianetc	93436
1866.09.22_ThePrestonGuardianetc_0003	13596	1866.09.22_ThePrestonGuardianetc	93436
1866.09.22_ThePrestonGuardianetc_0004	11290	1866.09.22_ThePrestonGuardianetc	93436
1866.09.22_ThePrestonGuardianetc_0005	12653	1866.09.22_ThePrestonGuardianetc	93436
1866.09.22_ThePrestonGuardianetc_0006	13385	1866.09.22_ThePrestonGuardianetc	93436
1866.09.22_ThePrestonGuardianetc_0007	13162	1866.09.22_ThePrestonGuardianetc	93436
1866.09.22_ThePrestonGuardianetc_0008	8496	1866.09.22_ThePrestonGuardianetc	93436
1866.09.22_Times_0001	12446	1866.09.22_Times	186340
1866.09.22_Times_0002	12228	1866.09.22_Times	186340
1866.09.22_Times_0003	12875	1866.09.22_Times	186340
1866.09.22_Times_0004	10029	1866.09.22_Times	186340
1866.09.22_Times_0005	12050	1866.09.22_Times	186340
1866.09.22_Times_0006	12740	1866.09.22_Times	186340
1866.09.22_Times_0007	5780	1866.09.22_Times	186340
1866.09.22_Times_0008	10427	1866.09.22_Times	186340
1866.09.22_Times_0009	9375	1866.09.22_Times	186340
1866.09.22_Times_0010	11223	1866.09.22_Times	186340
1866.09.22_Times_0011	11756	1866.09.22_Times	186340
1866.09.22_Times_0012	9151	1866.09.22_Times	186340
1866.09.22_Times_0013	13611	1866.09.22_Times	186340
1866.09.22_Times_0014	13315	1866.09.22_Times	186340
1866.09.22_Times_0015	13296	1866.09.22_Times	186340
1866.09.22_Times_0016	16038	1866.09.22_Times	186340
1866.09.23_Lloyd'sWeeklyNewspaper_0001	6329	1866.09.23_Lloyd'sWeeklyNewspaper	86315
1866.09.23_Lloyd'sWeeklyNewspaper_0002	7691	1866.09.23_Lloyd'sWeeklyNewspaper	86315
1866.09.23_Lloyd'sWeeklyNewspaper_0003	7691	1866.09.23_Lloyd'sWeeklyNewspaper	86315
1866.09.23_Lloyd'sWeeklyNewspaper_0004	7666	1866.09.23_Lloyd'sWeeklyNewspaper	86315
1866.09.23_Lloyd'sWeeklyNewspaper_0005	7731	1866.09.23_Lloyd'sWeeklyNewspaper	86315
1866.09.23_Lloyd'sWeeklyNewspaper_0006	6706	1866.09.23_Lloyd'sWeeklyNewspaper	86315
1866.09.23_Lloyd'sWeeklyNewspaper_0007	7661	1866.09.23_Lloyd'sWeeklyNewspaper	86315
1866.09.23_Lloyd'sWeeklyNewspaper_0008	7986	1866.09.23_Lloyd'sWeeklyNewspaper	86315
1866.09.23_Lloyd'sWeeklyNewspaper_0009	6050	1866.09.23_Lloyd'sWeeklyNewspaper	86315
1866.09.23_Lloyd'sWeeklyNewspaper_0010	5459	1866.09.23_Lloyd'sWeeklyNewspaper	86315
1866.09.23_Lloyd'sWeeklyNewspaper_0011	8113	1866.09.23_Lloyd'sWeeklyNewspaper	86315
1866.09.23_Lloyd'sWeeklyNewspaper_0012	7232	1866.09.23_Lloyd'sWeeklyNewspaper	86315
1866.09.23_Reynolds'sNewspaper_0001	9947	1866.09.23_Reynolds'sNewspaper	87476
1866.09.23_Reynolds'sNewspaper_0002	10842	1866.09.23_Reynolds'sNewspaper	87476
1866.09.23_Reynolds'sNewspaper_0003	11085	1866.09.23_Reynolds'sNewspaper	87476
1866.09.23_Reynolds'sNewspaper_0004	10834	1866.09.23_Reynolds'sNewspaper	87476
1866.09.23_Reynolds'sNewspaper_0005	11959	1866.09.23_Reynolds'sNewspaper	87476
1866.09.23_Reynolds'sNewspaper_0006	11565	1866.09.23_Reynolds'sNewspaper	87476
1866.09.23_Reynolds'sNewspaper_0007	10456	1866.09.23_Reynolds'sNewspaper	87476
1866.09.23_Reynolds'sNewspaper_0008	10788	1866.09.23_Reynolds'sNewspaper	87476
1866.09.23_TheEra_0001	4526	1866.09.23_TheEra	108090
1866.09.23_TheEra_0002	5892	1866.09.23_TheEra	108090
1866.09.23_TheEra_0003	7192	1866.09.23_TheEra	108090
1866.09.23_TheEra_0004	7779	1866.09.23_TheEra	108090
1866.09.23_TheEra_0005	6739	1866.09.23_TheEra	108090
1866.09.23_TheEra_0006	7352	1866.09.23_TheEra	108090
1866.09.23_TheEra_0007	6744	1866.09.23_TheEra	108090
1866.09.23_TheEra_0008	6514	1866.09.23_TheEra	108090
1866.09.23_TheEra_0009	6129	1866.09.23_TheEra	108090
1866.09.23_TheEra_0010	6940	1866.09.23_TheEra	108090
1866.09.23_TheEra_0011	7217	1866.09.23_TheEra	108090
1866.09.23_TheEra_0012	8051	1866.09.23_TheEra	108090
1866.09.23_TheEra_0013	7728	1866.09.23_TheEra	108090
1866.09.23_TheEra_0014	6913	1866.09.23_TheEra	108090
1866.09.23_TheEra_0015	6820	1866.09.23_TheEra	108090
1866.09.23_TheEra_0016	5554	1866.09.23_TheEra	108090
1866.09.24_BirminghamDailyPost_0001	9663	1866.09.24_BirminghamDailyPost	84453
1866.09.24_BirminghamDailyPost_0002	8788	1866.09.24_BirminghamDailyPost	84453
1866.09.24_BirminghamDailyPost_0003	11665	1866.09.24_BirminghamDailyPost	84453
1866.09.24_BirminghamDailyPost_0004	10426	1866.09.24_BirminghamDailyPost	84453
1866.09.24_BirminghamDailyPost_0005	10234	1866.09.24_BirminghamDailyPost	84453
1866.09.24_BirminghamDailyPost_0006	10708	1866.09.24_BirminghamDailyPost	84453
1866.09.24_BirminghamDailyPost_0007	12668	1866.09.24_BirminghamDailyPost	84453
1866.09.24_BirminghamDailyPost_0008	10301	1866.09.24_BirminghamDailyPost	84453
1866.09.24_DailyNews_0001	9334	1866.09.24_DailyNews	84130
1866.09.24_DailyNews_0002	11571	1866.09.24_DailyNews	84130
1866.09.24_DailyNews_0003	12191	1866.09.24_DailyNews	84130
1866.09.24_DailyNews_0004	8668	1866.09.24_DailyNews	84130
1866.09.24_DailyNews_0005	8659	1866.09.24_DailyNews	84130
1866.09.24_DailyNews_0006	11771	1866.09.24_DailyNews	84130
1866.09.24_DailyNews_0007	10509	1866.09.24_DailyNews	84130
1866.09.24_DailyNews_0008	11427	1866.09.24_DailyNews	84130
1866.09.24_Freeman'sJournalandDailyCommercialAdvertiser_0001	11393	1866.09.24_Freeman'sJournalandDailyCommercialAdvertiser	51406
1866.09.24_Freeman'sJournalandDailyCommercialAdvertiser_0002	12408	1866.09.24_Freeman'sJournalandDailyCommercialAdvertiser	51406
1866.09.24_Freeman'sJournalandDailyCommercialAdvertiser_0003	13345	1866.09.24_Freeman'sJournalandDailyCommercialAdvertiser	51406
1866.09.24_Freeman'sJournalandDailyCommercialAdvertiser_0004	14260	1866.09.24_Freeman'sJournalandDailyCommercialAdvertiser	51406
1866.09.24_GlasgowHerald_0001	8524	1866.09.24_GlasgowHerald	80784
1866.09.24_GlasgowHerald_0002	9783	1866.09.24_GlasgowHerald	80784
1866.09.24_GlasgowHerald_0003	9880	1866.09.24_GlasgowHerald	80784
1866.09.24_GlasgowHerald_0004	9745	1866.09.24_GlasgowHerald	80784
1866.09.24_GlasgowHerald_0005	10416	1866.09.24_GlasgowHerald	80784
1866.09.24_GlasgowHerald_0006	12067	1866.09.24_GlasgowHerald	80784
1866.09.24_GlasgowHerald_0007	10177	1866.09.24_GlasgowHerald	80784
1866.09.24_GlasgowHerald_0008	10192	1866.09.24_GlasgowHerald	80784
1866.09.24_LiverpoolMercuryetc_0001	12222	1866.09.24_LiverpoolMercuryetc	105995
1866.09.24_LiverpoolMercuryetc_0002	12421	1866.09.24_LiverpoolMercuryetc	105995
1866.09.24_LiverpoolMercuryetc_0003	13193	1866.09.24_LiverpoolMercuryetc	105995
1866.09.24_LiverpoolMercuryetc_0004	12489	1866.09.24_LiverpoolMercuryetc	105995
1866.09.24_LiverpoolMercuryetc_0005	16517	1866.09.24_LiverpoolMercuryetc	105995
1866.09.24_LiverpoolMercuryetc_0006	13160	1866.09.24_LiverpoolMercuryetc	105995
1866.09.24_LiverpoolMercuryetc_0007	13614	1866.09.24_LiverpoolMercuryetc	105995
1866.09.24_LiverpoolMercuryetc_0008	12379	1866.09.24_LiverpoolMercuryetc	105995
1866.09.24_TheBelfastNews-Letter_0001	6075	1866.09.24_TheBelfastNews-Letter	46842
1866.09.24_TheBelfastNews-Letter_0002	10880	1866.09.24_TheBelfastNews-Letter	46842
1866.09.24_TheBelfastNews-Letter_0003	14194	1866.09.24_TheBelfastNews-Letter	46842
1866.09.24_TheBelfastNews-Letter_0004	15693	1866.09.24_TheBelfastNews-Letter	46842
1866.09.24_TheCaledonianMercury_0001	5388	1866.09.24_TheCaledonianMercury	28313
1866.09.24_TheCaledonianMercury_0002	7057	1866.09.24_TheCaledonianMercury	28313
1866.09.24_TheCaledonianMercury_0003	7936	1866.09.24_TheCaledonianMercury	28313
1866.09.24_TheCaledonianMercury_0004	7932	1866.09.24_TheCaledonianMercury	28313
1866.09.24_TheLeedsMercury_0001	12073	1866.09.24_TheLeedsMercury	53178
1866.09.24_TheLeedsMercury_0002	12212	1866.09.24_TheLeedsMercury	53178
1866.09.24_TheLeedsMercury_0003	14497	1866.09.24_TheLeedsMercury	53178
1866.09.24_TheLeedsMercury_0004	14396	1866.09.24_TheLeedsMercury	53178
1866.09.24_ThePallMallGazette_0001	1537	1866.09.24_ThePallMallGazette	29121
1866.09.24_ThePallMallGazette_0002	2074	1866.09.24_ThePallMallGazette	29121
1866.09.24_ThePallMallGazette_0003	2035	1866.09.24_ThePallMallGazette	29121
1866.09.24_ThePallMallGazette_0004	2457	1866.09.24_ThePallMallGazette	29121
1866.09.24_ThePallMallGazette_0005	2623	1866.09.24_ThePallMallGazette	29121
1866.09.24_ThePallMallGazette_0006	2124	1866.09.24_ThePallMallGazette	29121
1866.09.24_ThePallMallGazette_0007	2299	1866.09.24_ThePallMallGazette	29121
1866.09.24_ThePallMallGazette_0008	3449	1866.09.24_ThePallMallGazette	29121
1866.09.24_ThePallMallGazette_0009	2176	1866.09.24_ThePallMallGazette	29121
1866.09.24_ThePallMallGazette_0010	2406	1866.09.24_ThePallMallGazette	29121
1866.09.24_ThePallMallGazette_0011	3075	1866.09.24_ThePallMallGazette	29121
1866.09.24_ThePallMallGazette_0012	2866	1866.09.24_ThePallMallGazette	29121
1866.09.24_Times_0001	11397	1866.09.24_Times	138037
1866.09.24_Times_0002	12035	1866.09.24_Times	138037
1866.09.24_Times_0003	11827	1866.09.24_Times	138037
1866.09.24_Times_0004	12504	1866.09.24_Times	138037
1866.09.24_Times_0005	8884	1866.09.24_Times	138037
1866.09.24_Times_0006	9309	1866.09.24_Times	138037
1866.09.24_Times_0007	9879	1866.09.24_Times	138037
1866.09.24_Times_0008	10524	1866.09.24_Times	138037
1866.09.24_Times_0009	12204	1866.09.24_Times	138037
1866.09.24_Times_0010	9699	1866.09.24_Times	138037
1866.09.24_Times_0011	13825	1866.09.24_Times	138037
1866.09.24_Times_0012	15950	1866.09.24_Times	138037
1866.09.25_BirminghamDailyPost_0001	10119	1866.09.25_BirminghamDailyPost	49367
1866.09.25_BirminghamDailyPost_0002	12241	1866.09.25_BirminghamDailyPost	49367
1866.09.25_BirminghamDailyPost_0003	12683	1866.09.25_BirminghamDailyPost	49367
1866.09.25_BirminghamDailyPost_0004	14324	1866.09.25_BirminghamDailyPost	49367
1866.09.25_DailyNews_0001	10062	1866.09.25_DailyNews	81871
1866.09.25_DailyNews_0002	10213	1866.09.25_DailyNews	81871
1866.09.25_DailyNews_0003	12885	1866.09.25_DailyNews	81871
1866.09.25_DailyNews_0004	7856	1866.09.25_DailyNews	81871
1866.09.25_DailyNews_0005	8535	1866.09.25_DailyNews	81871
1866.09.25_DailyNews_0006	11617	1866.09.25_DailyNews	81871
1866.09.25_DailyNews_0007	10618	1866.09.25_DailyNews	81871
1866.09.25_DailyNews_0008	10085	1866.09.25_DailyNews	81871
1866.09.25_Freeman'sJournalandDailyCommercialAdvertiser_0001	11205	1866.09.25_Freeman'sJournalandDailyCommercialAdvertiser	52362
1866.09.25_Freeman'sJournalandDailyCommercialAdvertiser_0002	11440	1866.09.25_Freeman'sJournalandDailyCommercialAdvertiser	52362
1866.09.25_Freeman'sJournalandDailyCommercialAdvertiser_0003	15192	1866.09.25_Freeman'sJournalandDailyCommercialAdvertiser	52362
1866.09.25_Freeman'sJournalandDailyCommercialAdvertiser_0004	14525	1866.09.25_Freeman'sJournalandDailyCommercialAdvertiser	52362
1866.09.25_GlasgowHerald_0001	10702	1866.09.25_GlasgowHerald	50930
1866.09.25_GlasgowHerald_0002	13611	1866.09.25_GlasgowHerald	50930
1866.09.25_GlasgowHerald_0003	14293	1866.09.25_GlasgowHerald	50930
1866.09.25_GlasgowHerald_0004	12324	1866.09.25_GlasgowHerald	50930
1866.09.25_LiverpoolMercuryetc_0001	10857	1866.09.25_LiverpoolMercuryetc	102571
1866.09.25_LiverpoolMercuryetc_0002	14250	1866.09.25_LiverpoolMercuryetc	102571
1866.09.25_LiverpoolMercuryetc_0003	12671	1866.09.25_LiverpoolMercuryetc	102571
1866.09.25_LiverpoolMercuryetc_0004	13602	1866.09.25_LiverpoolMercuryetc	102571
1866.09.25_LiverpoolMercuryetc_0005	12181	1866.09.25_LiverpoolMercuryetc	102571
1866.09.25_LiverpoolMercuryetc_0006	13612	1866.09.25_LiverpoolMercuryetc	102571
1866.09.25_LiverpoolMercuryetc_0007	13079	1866.09.25_LiverpoolMercuryetc	102571
1866.09.25_LiverpoolMercuryetc_0008	12319	1866.09.25_LiverpoolMercuryetc	102571
1866.09.25_TheBelfastNews-Letter_0001	6629	1866.09.25_TheBelfastNews-Letter	45719
1866.09.25_TheBelfastNews-Letter_0002	10745	1866.09.25_TheBelfastNews-Letter	45719
1866.09.25_TheBelfastNews-Letter_0003	14764	1866.09.25_TheBelfastNews-Letter	45719
1866.09.25_TheBelfastNews-Letter_0004	13581	1866.09.25_TheBelfastNews-Letter	45719
1866.09.25_TheCaledonianMercury_0001	5911	1866.09.25_TheCaledonianMercury	28820
1866.09.25_TheCaledonianMercury_0002	6758	1866.09.25_TheCaledonianMercury	28820
1866.09.25_TheCaledonianMercury_0003	7830	1866.09.25_TheCaledonianMercury	28820
1866.09.25_TheCaledonianMercury_0004	8321	1866.09.25_TheCaledonianMercury	28820
1866.09.25_TheLeedsMercury_0001	10424	1866.09.25_TheLeedsMercury	95528
1866.09.25_TheLeedsMercury_0002	11431	1866.09.25_TheLeedsMercury	95528
1866.09.25_TheLeedsMercury_0003	13027	1866.09.25_TheLeedsMercury	95528
1866.09.25_TheLeedsMercury_0004	12057	1866.09.25_TheLeedsMercury	95528
1866.09.25_TheLeedsMercury_0005	10284	1866.09.25_TheLeedsMercury	95528
1866.09.25_TheLeedsMercury_0006	12438	1866.09.25_TheLeedsMercury	95528
1866.09.25_TheLeedsMercury_0007	12980	1866.09.25_TheLeedsMercury	95528
1866.09.25_TheLeedsMercury_0008	12887	1866.09.25_TheLeedsMercury	95528
1866.09.25_ThePallMallGazette_0001	1634	1866.09.25_ThePallMallGazette	28077
1866.09.25_ThePallMallGazette_0002	2169	1866.09.25_ThePallMallGazette	28077
1866.09.25_ThePallMallGazette_0003	2065	1866.09.25_ThePallMallGazette	28077
1866.09.25_ThePallMallGazette_0004	2660	1866.09.25_ThePallMallGazette	28077
1866.09.25_ThePallMallGazette_0005	2674	1866.09.25_ThePallMallGazette	28077
1866.09.25_ThePallMallGazette_0006	2330	1866.09.25_ThePallMallGazette	28077
1866.09.25_ThePallMallGazette_0007	2563	1866.09.25_ThePallMallGazette	28077
1866.09.25_ThePallMallGazette_0008	3506	1866.09.25_ThePallMallGazette	28077
1866.09.25_ThePallMallGazette_0009	2105	1866.09.25_ThePallMallGazette	28077
1866.09.25_ThePallMallGazette_0010	2146	1866.09.25_ThePallMallGazette	28077
1866.09.25_ThePallMallGazette_0011	3012	1866.09.25_ThePallMallGazette	28077
1866.09.25_ThePallMallGazette_0012	1213	1866.09.25_ThePallMallGazette	28077
1866.09.25_Times_0001	11975	1866.09.25_Times	132326
1866.09.25_Times_0002	11488	1866.09.25_Times	132326
1866.09.25_Times_0003	11406	1866.09.25_Times	132326
1866.09.25_Times_0004	12384	1866.09.25_Times	132326
1866.09.25_Times_0005	7925	1866.09.25_Times	132326
1866.09.25_Times_0006	10062	1866.09.25_Times	132326
1866.09.25_Times_0007	10122	1866.09.25_Times	132326
1866.09.25_Times_0008	10161	1866.09.25_Times	132326
1866.09.25_Times_0009	10464	1866.09.25_Times	132326
1866.09.25_Times_0010	10262	1866.09.25_Times	132326
1866.09.25_Times_0011	13235	1866.09.25_Times	132326
1866.09.25_Times_0012	12842	1866.09.25_Times	132326
1866.09.26_BaneracAmserauCymru_0001	3017	1866.09.26_BaneracAmserauCymru	70485
1866.09.26_BaneracAmserauCymru_0002	4254	1866.09.26_BaneracAmserauCymru	70485
1866.09.26_BaneracAmserauCymru_0003	3347	1866.09.26_BaneracAmserauCymru	70485
1866.09.26_BaneracAmserauCymru_0004	4874	1866.09.26_BaneracAmserauCymru	70485
1866.09.26_BaneracAmserauCymru_0005	4892	1866.09.26_BaneracAmserauCymru	70485
1866.09.26_BaneracAmserauCymru_0006	4789	1866.09.26_BaneracAmserauCymru	70485
1866.09.26_BaneracAmserauCymru_0007	5281	1866.09.26_BaneracAmserauCymru	70485
1866.09.26_BaneracAmserauCymru_0008	3838	1866.09.26_BaneracAmserauCymru	70485
1866.09.26_BaneracAmserauCymru_0009	3740	1866.09.26_BaneracAmserauCymru	70485
1866.09.26_BaneracAmserauCymru_0010	4692	1866.09.26_BaneracAmserauCymru	70485
1866.09.26_BaneracAmserauCymru_0011	4748	1866.09.26_BaneracAmserauCymru	70485
1866.09.26_BaneracAmserauCymru_0012	4293	1866.09.26_BaneracAmserauCymru	70485
1866.09.26_BaneracAmserauCymru_0013	5281	1866.09.26_BaneracAmserauCymru	70485
1866.09.26_BaneracAmserauCymru_0014	5310	1866.09.26_BaneracAmserauCymru	70485
1866.09.26_BaneracAmserauCymru_0015	3863	1866.09.26_BaneracAmserauCymru	70485
1866.09.26_BaneracAmserauCymru_0016	4266	1866.09.26_BaneracAmserauCymru	70485
1866.09.26_BirminghamDailyPost_0001	10572	1866.09.26_BirminghamDailyPost	52526
1866.09.26_BirminghamDailyPost_0002	12746	1866.09.26_BirminghamDailyPost	52526
1866.09.26_BirminghamDailyPost_0003	14173	1866.09.26_BirminghamDailyPost	52526
1866.09.26_BirminghamDailyPost_0004	15035	1866.09.26_BirminghamDailyPost	52526
1866.09.26_DailyNews_0001	9319	1866.09.26_DailyNews	81387
1866.09.26_DailyNews_0002	9650	1866.09.26_DailyNews	81387
1866.09.26_DailyNews_0003	11842	1866.09.26_DailyNews	81387
1866.09.26_DailyNews_0004	9296	1866.09.26_DailyNews	81387
1866.09.26_DailyNews_0005	9018	1866.09.26_DailyNews	81387
1866.09.26_DailyNews_0006	11468	1866.09.26_DailyNews	81387
1866.09.26_DailyNews_0007	10579	1866.09.26_DailyNews	81387
1866.09.26_DailyNews_0008	10215	1866.09.26_DailyNews	81387
1866.09.26_Freeman'sJournalandDailyCommercialAdvertiser_0001	11494	1866.09.26_Freeman'sJournalandDailyCommercialAdvertiser	51320
1866.09.26_Freeman'sJournalandDailyCommercialAdvertiser_0002	10840	1866.09.26_Freeman'sJournalandDailyCommercialAdvertiser	51320
1866.09.26_Freeman'sJournalandDailyCommercialAdvertiser_0003	14315	1866.09.26_Freeman'sJournalandDailyCommercialAdvertiser	51320
1866.09.26_Freeman'sJournalandDailyCommercialAdvertiser_0004	14671	1866.09.26_Freeman'sJournalandDailyCommercialAdvertiser	51320
1866.09.26_GlasgowHerald_0001	9438	1866.09.26_GlasgowHerald	84200
1866.09.26_GlasgowHerald_0002	10276	1866.09.26_GlasgowHerald	84200
1866.09.26_GlasgowHerald_0003	9764	1866.09.26_GlasgowHerald	84200
1866.09.26_GlasgowHerald_0004	11170	1866.09.26_GlasgowHerald	84200
1866.09.26_GlasgowHerald_0005	11217	1866.09.26_GlasgowHerald	84200
1866.09.26_GlasgowHerald_0006	10798	1866.09.26_GlasgowHerald	84200
1866.09.26_GlasgowHerald_0007	10772	1866.09.26_GlasgowHerald	84200
1866.09.26_GlasgowHerald_0008	10765	1866.09.26_GlasgowHerald	84200
1866.09.26_HampshireTelegraphandSussexChronicleetc_0001	7916	1866.09.26_HampshireTelegraphandSussexChronicleetc	43539
1866.09.26_HampshireTelegraphandSussexChronicleetc_0002	11760	1866.09.26_HampshireTelegraphandSussexChronicleetc	43539
1866.09.26_HampshireTelegraphandSussexChronicleetc_0003	12303	1866.09.26_HampshireTelegraphandSussexChronicleetc	43539
1866.09.26_HampshireTelegraphandSussexChronicleetc_0004	11560	1866.09.26_HampshireTelegraphandSussexChronicleetc	43539
1866.09.26_LiverpoolMercuryetc_0001	9639	1866.09.26_LiverpoolMercuryetc	92599
1866.09.26_LiverpoolMercuryetc_0002	11268	1866.09.26_LiverpoolMercuryetc	92599
1866.09.26_LiverpoolMercuryetc_0003	11768	1866.09.26_LiverpoolMercuryetc	92599
1866.09.26_LiverpoolMercuryetc_0004	11579	1866.09.26_LiverpoolMercuryetc	92599
1866.09.26_LiverpoolMercuryetc_0005	12581	1866.09.26_LiverpoolMercuryetc	92599
1866.09.26_LiverpoolMercuryetc_0006	12166	1866.09.26_LiverpoolMercuryetc	92599
1866.09.26_LiverpoolMercuryetc_0007	12204	1866.09.26_LiverpoolMercuryetc	92599
1866.09.26_LiverpoolMercuryetc_0008	11394	1866.09.26_LiverpoolMercuryetc	92599
1866.09.26_TheAberdeenJournal_0001	8585	1866.09.26_TheAberdeenJournal	98957
1866.09.26_TheAberdeenJournal_0002	13286	1866.09.26_TheAberdeenJournal	98957
1866.09.26_TheAberdeenJournal_0003	12226	1866.09.26_TheAberdeenJournal	98957
1866.09.26_TheAberdeenJournal_0004	10446	1866.09.26_TheAberdeenJournal	98957
1866.09.26_TheAberdeenJournal_0005	14665	1866.09.26_TheAberdeenJournal	98957
1866.09.26_TheAberdeenJournal_0006	13760	1866.09.26_TheAberdeenJournal	98957
1866.09.26_TheAberdeenJournal_0007	14024	1866.09.26_TheAberdeenJournal	98957
1866.09.26_TheAberdeenJournal_0008	11965	1866.09.26_TheAberdeenJournal	98957
1866.09.26_TheBelfastNews-Letter_0001	7276	1866.09.26_TheBelfastNews-Letter	45465
1866.09.26_TheBelfastNews-Letter_0002	11511	1866.09.26_TheBelfastNews-Letter	45465
1866.09.26_TheBelfastNews-Letter_0003	11828	1866.09.26_TheBelfastNews-Letter	45465
1866.09.26_TheBelfastNews-Letter_0004	14850	1866.09.26_TheBelfastNews-Letter	45465
1866.09.26_TheCaledonianMercury_0001	4618	1866.09.26_TheCaledonianMercury	26805
1866.09.26_TheCaledonianMercury_0002	6807	1866.09.26_TheCaledonianMercury	26805
1866.09.26_TheCaledonianMercury_0003	7674	1866.09.26_TheCaledonianMercury	26805
1866.09.26_TheCaledonianMercury_0004	7706	1866.09.26_TheCaledonianMercury	26805
1866.09.26_TheDerbyMercury_0001	6989	1866.09.26_TheDerbyMercury	78423
1866.09.26_TheDerbyMercury_0002	11935	1866.09.26_TheDerbyMercury	78423
1866.09.26_TheDerbyMercury_0003	12359	1866.09.26_TheDerbyMercury	78423
1866.09.26_TheDerbyMercury_0004	6968	1866.09.26_TheDerbyMercury	78423
1866.09.26_TheDerbyMercury_0005	10602	1866.09.26_TheDerbyMercury	78423
1866.09.26_TheDerbyMercury_0006	11520	1866.09.26_TheDerbyMercury	78423
1866.09.26_TheDerbyMercury_0007	9868	1866.09.26_TheDerbyMercury	78423
1866.09.26_TheDerbyMercury_0008	8182	1866.09.26_TheDerbyMercury	78423
1866.09.26_TheLeedsMercury_0001	12232	1866.09.26_TheLeedsMercury	54411
1866.09.26_TheLeedsMercury_0002	12123	1866.09.26_TheLeedsMercury	54411
1866.09.26_TheLeedsMercury_0003	14964	1866.09.26_TheLeedsMercury	54411
1866.09.26_TheLeedsMercury_0004	15092	1866.09.26_TheLeedsMercury	54411
1866.09.26_ThePallMallGazette_0001	1589	1866.09.26_ThePallMallGazette	28997
1866.09.26_ThePallMallGazette_0002	2063	1866.09.26_ThePallMallGazette	28997
1866.09.26_ThePallMallGazette_0003	2231	1866.09.26_ThePallMallGazette	28997
1866.09.26_ThePallMallGazette_0004	2563	1866.09.26_ThePallMallGazette	28997
1866.09.26_ThePallMallGazette_0005	2633	1866.09.26_ThePallMallGazette	28997
1866.09.26_ThePallMallGazette_0006	2097	1866.09.26_ThePallMallGazette	28997
1866.09.26_ThePallMallGazette_0007	2396	1866.09.26_ThePallMallGazette	28997
1866.09.26_ThePallMallGazette_0008	3443	1866.09.26_ThePallMallGazette	28997
1866.09.26_ThePallMallGazette_0009	2154	1866.09.26_ThePallMallGazette	28997
1866.09.26_ThePallMallGazette_0010	2120	1866.09.26_ThePallMallGazette	28997
1866.09.26_ThePallMallGazette_0011	2996	1866.09.26_ThePallMallGazette	28997
1866.09.26_ThePallMallGazette_0012	2712	1866.09.26_ThePallMallGazette	28997
1866.09.26_Times_0001	11840	1866.09.26_Times	184356
1866.09.26_Times_0002	13009	1866.09.26_Times	184356
1866.09.26_Times_0003	12533	1866.09.26_Times	184356
1866.09.26_Times_0004	11391	1866.09.26_Times	184356
1866.09.26_Times_0005	13438	1866.09.26_Times	184356
1866.09.26_Times_0006	11058	1866.09.26_Times	184356
1866.09.26_Times_0007	7233	1866.09.26_Times	184356
1866.09.26_Times_0008	10147	1866.09.26_Times	184356
1866.09.26_Times_0009	8084	1866.09.26_Times	184356
1866.09.26_Times_0010	12381	1866.09.26_Times	184356
1866.09.26_Times_0011	11826	1866.09.26_Times	184356
1866.09.26_Times_0012	10442	1866.09.26_Times	184356
1866.09.26_Times_0013	11722	1866.09.26_Times	184356
1866.09.26_Times_0014	12523	1866.09.26_Times	184356
1866.09.26_Times_0015	12399	1866.09.26_Times	184356
1866.09.26_Times_0016	14330	1866.09.26_Times	184356
1866.09.27_BirminghamDailyPost_0001	9645	1866.09.27_BirminghamDailyPost	84135
1866.09.27_BirminghamDailyPost_0002	8256	1866.09.27_BirminghamDailyPost	84135
1866.09.27_BirminghamDailyPost_0003	10529	1866.09.27_BirminghamDailyPost	84135
1866.09.27_BirminghamDailyPost_0004	10280	1866.09.27_BirminghamDailyPost	84135
1866.09.27_BirminghamDailyPost_0005	9972	1866.09.27_BirminghamDailyPost	84135
1866.09.27_BirminghamDailyPost_0006	12362	1866.09.27_BirminghamDailyPost	84135
1866.09.27_BirminghamDailyPost_0007	12121	1866.09.27_BirminghamDailyPost	84135
1866.09.27_BirminghamDailyPost_0008	10970	1866.09.27_BirminghamDailyPost	84135
1866.09.27_DailyNews_0001	9616	1866.09.27_DailyNews	82496
1866.09.27_DailyNews_0002	10452	1866.09.27_DailyNews	82496
1866.09.27_DailyNews_0003	12355	1866.09.27_DailyNews	82496
1866.09.27_DailyNews_0004	8166	1866.09.27_DailyNews	82496
1866.09.27_DailyNews_0005	8413	1866.09.27_DailyNews	82496
1866.09.27_DailyNews_0006	12160	1866.09.27_DailyNews	82496
1866.09.27_DailyNews_0007	10772	1866.09.27_DailyNews	82496
1866.09.27_DailyNews_0008	10562	1866.09.27_DailyNews	82496
1866.09.27_Freeman'sJournalandDailyCommercialAdvertiser_0001	11166	1866.09.27_Freeman'sJournalandDailyCommercialAdvertiser	50078
1866.09.27_Freeman'sJournalandDailyCommercialAdvertiser_0002	10712	1866.09.27_Freeman'sJournalandDailyCommercialAdvertiser	50078
1866.09.27_Freeman'sJournalandDailyCommercialAdvertiser_0003	14067	1866.09.27_Freeman'sJournalandDailyCommercialAdvertiser	50078
1866.09.27_Freeman'sJournalandDailyCommercialAdvertiser_0004	14133	1866.09.27_Freeman'sJournalandDailyCommercialAdvertiser	50078
1866.09.27_GlasgowHerald_0001	11029	1866.09.27_GlasgowHerald	48675
1866.09.27_GlasgowHerald_0002	11784	1866.09.27_GlasgowHerald	48675
1866.09.27_GlasgowHerald_0003	13432	1866.09.27_GlasgowHerald	48675
1866.09.27_GlasgowHerald_0004	12430	1866.09.27_GlasgowHerald	48675
1866.09.27_LiverpoolMercuryetc_0001	10581	1866.09.27_LiverpoolMercuryetc	105287
1866.09.27_LiverpoolMercuryetc_0002	13827	1866.09.27_LiverpoolMercuryetc	105287
1866.09.27_LiverpoolMercuryetc_0003	13279	1866.09.27_LiverpoolMercuryetc	105287
1866.09.27_LiverpoolMercuryetc_0004	11859	1866.09.27_LiverpoolMercuryetc	105287
1866.09.27_LiverpoolMercuryetc_0005	15830	1866.09.27_LiverpoolMercuryetc	105287
1866.09.27_LiverpoolMercuryetc_0006	12792	1866.09.27_LiverpoolMercuryetc	105287
1866.09.27_LiverpoolMercuryetc_0007	13849	1866.09.27_LiverpoolMercuryetc	105287
1866.09.27_LiverpoolMercuryetc_0008	13270	1866.09.27_LiverpoolMercuryetc	105287
1866.09.27_TheBelfastNews-Letter_0001	7015	1866.09.27_TheBelfastNews-Letter	43102
1866.09.27_TheBelfastNews-Letter_0002	11138	1866.09.27_TheBelfastNews-Letter	43102
1866.09.27_TheBelfastNews-Letter_0003	12668	1866.09.27_TheBelfastNews-Letter	43102
1866.09.27_TheBelfastNews-Letter_0004	12281	1866.09.27_TheBelfastNews-Letter	43102
1866.09.27_TheCaledonianMercury_0001	5307	1866.09.27_TheCaledonianMercury	28121
1866.09.27_TheCaledonianMercury_0002	6824	1866.09.27_TheCaledonianMercury	28121
1866.09.27_TheCaledonianMercury_0003	7728	1866.09.27_TheCaledonianMercury	28121
1866.09.27_TheCaledonianMercury_0004	8262	1866.09.27_TheCaledonianMercury	28121
1866.09.27_TheLeedsMercury_0001	12236	1866.09.27_TheLeedsMercury	53457
1866.09.27_TheLeedsMercury_0002	12382	1866.09.27_TheLeedsMercury	53457
1866.09.27_TheLeedsMercury_0003	14260	1866.09.27_TheLeedsMercury	53457
1866.09.27_TheLeedsMercury_0004	14579	1866.09.27_TheLeedsMercury	53457
1866.09.27_ThePallMallGazette_0001	1615	1866.09.27_ThePallMallGazette	29466
1866.09.27_ThePallMallGazette_0002	2047	1866.09.27_ThePallMallGazette	29466
1866.09.27_ThePallMallGazette_0003	2252	1866.09.27_ThePallMallGazette	29466
1866.09.27_ThePallMallGazette_0004	2592	1866.09.27_ThePallMallGazette	29466
1866.09.27_ThePallMallGazette_0005	2540	1866.09.27_ThePallMallGazette	29466
1866.09.27_ThePallMallGazette_0006	2300	1866.09.27_ThePallMallGazette	29466
1866.09.27_ThePallMallGazette_0007	2562	1866.09.27_ThePallMallGazette	29466
1866.09.27_ThePallMallGazette_0008	3578	1866.09.27_ThePallMallGazette	29466
1866.09.27_ThePallMallGazette_0009	2203	1866.09.27_ThePallMallGazette	29466
1866.09.27_ThePallMallGazette_0010	2155	1866.09.27_ThePallMallGazette	29466
1866.09.27_ThePallMallGazette_0011	2865	1866.09.27_ThePallMallGazette	29466
1866.09.27_ThePallMallGazette_0012	2757	1866.09.27_ThePallMallGazette	29466
1866.09.27_Times_0001	11492	1866.09.27_Times	134269
1866.09.27_Times_0002	12371	1866.09.27_Times	134269
1866.09.27_Times_0003	12686	1866.09.27_Times	134269
1866.09.27_Times_0004	7720	1866.09.27_Times	134269
1866.09.27_Times_0005	13238	1866.09.27_Times	134269
1866.09.27_Times_0006	10720	1866.09.27_Times	134269
1866.09.27_Times_0007	7968	1866.09.27_Times	134269
1866.09.27_Times_0008	9882	1866.09.27_Times	134269
1866.09.27_Times_0009	12267	1866.09.27_Times	134269
1866.09.27_Times_0010	9696	1866.09.27_Times	134269
1866.09.27_Times_0011	12709	1866.09.27_Times	134269
1866.09.27_Times_0012	13520	1866.09.27_Times	134269
1866.09.28_BirminghamDailyPost_0001	10577	1866.09.28_BirminghamDailyPost	49919
1866.09.28_BirminghamDailyPost_0002	12901	1866.09.28_BirminghamDailyPost	49919
1866.09.28_BirminghamDailyPost_0003	12456	1866.09.28_BirminghamDailyPost	49919
1866.09.28_BirminghamDailyPost_0004	13985	1866.09.28_BirminghamDailyPost	49919
1866.09.28_DailyNews_0001	9094	1866.09.28_DailyNews	82221
1866.09.28_DailyNews_0002	10680	1866.09.28_DailyNews	82221
1866.09.28_DailyNews_0003	12004	1866.09.28_DailyNews	82221
1866.09.28_DailyNews_0004	9448	1866.09.28_DailyNews	82221
1866.09.28_DailyNews_0005	8399	1866.09.28_DailyNews	82221
1866.09.28_DailyNews_0006	11447	1866.09.28_DailyNews	82221
1866.09.28_DailyNews_0007	11284	1866.09.28_DailyNews	82221
1866.09.28_DailyNews_0008	9865	1866.09.28_DailyNews	82221
1866.09.28_Freeman'sJournalandDailyCommercialAdvertiser_0001	10365	1866.09.28_Freeman'sJournalandDailyCommercialAdvertiser	50052
1866.09.28_Freeman'sJournalandDailyCommercialAdvertiser_0002	10718	1866.09.28_Freeman'sJournalandDailyCommercialAdvertiser	50052
1866.09.28_Freeman'sJournalandDailyCommercialAdvertiser_0003	14260	1866.09.28_Freeman'sJournalandDailyCommercialAdvertiser	50052
1866.09.28_Freeman'sJournalandDailyCommercialAdvertiser_0004	14709	1866.09.28_Freeman'sJournalandDailyCommercialAdvertiser	50052
1866.09.28_GlasgowHerald_0001	9281	1866.09.28_GlasgowHerald	84225
1866.09.28_GlasgowHerald_0002	10164	1866.09.28_GlasgowHerald	84225
1866.09.28_GlasgowHerald_0003	10762	1866.09.28_GlasgowHerald	84225
1866.09.28_GlasgowHerald_0004	9987	1866.09.28_GlasgowHerald	84225
1866.09.28_GlasgowHerald_0005	10452	1866.09.28_GlasgowHerald	84225
1866.09.28_GlasgowHerald_0006	12743	1866.09.28_GlasgowHerald	84225
1866.09.28_GlasgowHerald_0007	10483	1866.09.28_GlasgowHerald	84225
1866.09.28_GlasgowHerald_0008	10353	1866.09.28_GlasgowHerald	84225
1866.09.28_LiverpoolMercuryetc_0001	10721	1866.09.28_LiverpoolMercuryetc	114912
1866.09.28_LiverpoolMercuryetc_0002	14073	1866.09.28_LiverpoolMercuryetc	114912
1866.09.28_LiverpoolMercuryetc_0003	16584	1866.09.28_LiverpoolMercuryetc	114912
1866.09.28_LiverpoolMercuryetc_0004	15871	1866.09.28_LiverpoolMercuryetc	114912
1866.09.28_LiverpoolMercuryetc_0005	14812	1866.09.28_LiverpoolMercuryetc	114912
1866.09.28_LiverpoolMercuryetc_0006	13749	1866.09.28_LiverpoolMercuryetc	114912
1866.09.28_LiverpoolMercuryetc_0007	15544	1866.09.28_LiverpoolMercuryetc	114912
1866.09.28_LiverpoolMercuryetc_0008	13558	1866.09.28_LiverpoolMercuryetc	114912
1866.09.28_TheBelfastNews-Letter_0001	6894	1866.09.28_TheBelfastNews-Letter	44349
1866.09.28_TheBelfastNews-Letter_0002	9597	1866.09.28_TheBelfastNews-Letter	44349
1866.09.28_TheBelfastNews-Letter_0003	13430	1866.09.28_TheBelfastNews-Letter	44349
1866.09.28_TheBelfastNews-Letter_0004	14428	1866.09.28_TheBelfastNews-Letter	44349
1866.09.28_TheCaledonianMercury_0001	5918	1866.09.28_TheCaledonianMercury	28622
1866.09.28_TheCaledonianMercury_0002	7147	1866.09.28_TheCaledonianMercury	28622
1866.09.28_TheCaledonianMercury_0003	7691	1866.09.28_TheCaledonianMercury	28622
1866.09.28_TheCaledonianMercury_0004	7866	1866.09.28_TheCaledonianMercury	28622
1866.09.28_TheHullPacketandEastRidingTimes_0001	5319	1866.09.28_TheHullPacketandEastRidingTimes	74820
1866.09.28_TheHullPacketandEastRidingTimes_0002	10717	1866.09.28_TheHullPacketandEastRidingTimes	74820
1866.09.28_TheHullPacketandEastRidingTimes_0003	11441	1866.09.28_TheHullPacketandEastRidingTimes	74820
1866.09.28_TheHullPacketandEastRidingTimes_0004	8259	1866.09.28_TheHullPacketandEastRidingTimes	74820
1866.09.28_TheHullPacketandEastRidingTimes_0005	7962	1866.09.28_TheHullPacketandEastRidingTimes	74820
1866.09.28_TheHullPacketandEastRidingTimes_0006	10809	1866.09.28_TheHullPacketandEastRidingTimes	74820
1866.09.28_TheHullPacketandEastRidingTimes_0007	10636	1866.09.28_TheHullPacketandEastRidingTimes	74820
1866.09.28_TheHullPacketandEastRidingTimes_0008	9677	1866.09.28_TheHullPacketandEastRidingTimes	74820
1866.09.28_TheLeedsMercury_0001	11886	1866.09.28_TheLeedsMercury	53366
1866.09.28_TheLeedsMercury_0002	12067	1866.09.28_TheLeedsMercury	53366
1866.09.28_TheLeedsMercury_0003	14418	1866.09.28_TheLeedsMercury	53366
1866.09.28_TheLeedsMercury_0004	14995	1866.09.28_TheLeedsMercury	53366
1866.09.28_TheNewcastleCourantetc_0001	8373	1866.09.28_TheNewcastleCourantetc	98573
1866.09.28_TheNewcastleCourantetc_0002	14113	1866.09.28_TheNewcastleCourantetc	98573
1866.09.28_TheNewcastleCourantetc_0003	12093	1866.09.28_TheNewcastleCourantetc	98573
1866.09.28_TheNewcastleCourantetc_0004	9733	1866.09.28_TheNewcastleCourantetc	98573
1866.09.28_TheNewcastleCourantetc_0005	14100	1866.09.28_TheNewcastleCourantetc	98573
1866.09.28_TheNewcastleCourantetc_0006	14186	1866.09.28_TheNewcastleCourantetc	98573
1866.09.28_TheNewcastleCourantetc_0007	13664	1866.09.28_TheNewcastleCourantetc	98573
1866.09.28_TheNewcastleCourantetc_0008	12311	1866.09.28_TheNewcastleCourantetc	98573
1866.09.28_ThePallMallGazette_0001	1489	1866.09.28_ThePallMallGazette	28538
1866.09.28_ThePallMallGazette_0002	2081	1866.09.28_ThePallMallGazette	28538
1866.09.28_ThePallMallGazette_0003	2128	1866.09.28_ThePallMallGazette	28538
1866.09.28_ThePallMallGazette_0004	2502	1866.09.28_ThePallMallGazette	28538
1866.09.28_ThePallMallGazette_0005	2578	1866.09.28_ThePallMallGazette	28538
1866.09.28_ThePallMallGazette_0006	2135	1866.09.28_ThePallMallGazette	28538
1866.09.28_ThePallMallGazette_0007	2212	1866.09.28_ThePallMallGazette	28538
1866.09.28_ThePallMallGazette_0008	3460	1866.09.28_ThePallMallGazette	28538
1866.09.28_ThePallMallGazette_0009	2135	1866.09.28_ThePallMallGazette	28538
1866.09.28_ThePallMallGazette_0010	2141	1866.09.28_ThePallMallGazette	28538
1866.09.28_ThePallMallGazette_0011	3006	1866.09.28_ThePallMallGazette	28538
1866.09.28_ThePallMallGazette_0012	2671	1866.09.28_ThePallMallGazette	28538
1866.09.28_Times_0001	12369	1866.09.28_Times	133539
1866.09.28_Times_0002	11631	1866.09.28_Times	133539
1866.09.28_Times_0003	13179	1866.09.28_Times	133539
1866.09.28_Times_0004	7757	1866.09.28_Times	133539
1866.09.28_Times_0005	12448	1866.09.28_Times	133539
1866.09.28_Times_0006	10648	1866.09.28_Times	133539
1866.09.28_Times_0007	9645	1866.09.28_Times	133539
1866.09.28_Times_0008	11954	1866.09.28_Times	133539
1866.09.28_Times_0009	9485	1866.09.28_Times	133539
1866.09.28_Times_0010	9648	1866.09.28_Times	133539
1866.09.28_Times_0011	11612	1866.09.28_Times	133539
1866.09.28_Times_0012	13163	1866.09.28_Times	133539
1866.09.29_BaneracAmserauCymru_0001	2755	1866.09.29_BaneracAmserauCymru	36841
1866.09.29_BaneracAmserauCymru_0002	4911	1866.09.29_BaneracAmserauCymru	36841
1866.09.29_BaneracAmserauCymru_0003	4947	1866.09.29_BaneracAmserauCymru	36841
1866.09.29_BaneracAmserauCymru_0004	4052	1866.09.29_BaneracAmserauCymru	36841
1866.09.29_BaneracAmserauCymru_0005	5299	1866.09.29_BaneracAmserauCymru	36841
1866.09.29_BaneracAmserauCymru_0006	5511	1866.09.29_BaneracAmserauCymru	36841
1866.09.29_BaneracAmserauCymru_0007	5317	1866.09.29_BaneracAmserauCymru	36841
1866.09.29_BaneracAmserauCymru_0008	4049	1866.09.29_BaneracAmserauCymru	36841
1866.09.29_BirminghamDailyPost_0001	10174	1866.09.29_BirminghamDailyPost	50236
1866.09.29_BirminghamDailyPost_0002	11835	1866.09.29_BirminghamDailyPost	50236
1866.09.29_BirminghamDailyPost_0003	13023	1866.09.29_BirminghamDailyPost	50236
1866.09.29_BirminghamDailyPost_0004	15204	1866.09.29_BirminghamDailyPost	50236
1866.09.29_DailyNews_0001	9671	1866.09.29_DailyNews	83665
1866.09.29_DailyNews_0002	12226	1866.09.29_DailyNews	83665
1866.09.29_DailyNews_0003	12549	1866.09.29_DailyNews	83665
1866.09.29_DailyNews_0004	7560	1866.09.29_DailyNews	83665
1866.09.29_DailyNews_0005	9240	1866.09.29_DailyNews	83665
1866.09.29_DailyNews_0006	11087	1866.09.29_DailyNews	83665
1866.09.29_DailyNews_0007	11415	1866.09.29_DailyNews	83665
1866.09.29_DailyNews_0008	9917	1866.09.29_DailyNews	83665
1866.09.29_Freeman'sJournalandDailyCommercialAdvertiser_0001	11220	1866.09.29_Freeman'sJournalandDailyCommercialAdvertiser	49588
1866.09.29_Freeman'sJournalandDailyCommercialAdvertiser_0002	10551	1866.09.29_Freeman'sJournalandDailyCommercialAdvertiser	49588
1866.09.29_Freeman'sJournalandDailyCommercialAdvertiser_0003	13406	1866.09.29_Freeman'sJournalandDailyCommercialAdvertiser	49588
1866.09.29_Freeman'sJournalandDailyCommercialAdvertiser_0004	14411	1866.09.29_Freeman'sJournalandDailyCommercialAdvertiser	49588
1866.09.29_GlasgowHerald_0001	8382	1866.09.29_GlasgowHerald	83637
1866.09.29_GlasgowHerald_0002	9535	1866.09.29_GlasgowHerald	83637
1866.09.29_GlasgowHerald_0003	11098	1866.09.29_GlasgowHerald	83637
1866.09.29_GlasgowHerald_0004	10745	1866.09.29_GlasgowHerald	83637
1866.09.29_GlasgowHerald_0005	10984	1866.09.29_GlasgowHerald	83637
1866.09.29_GlasgowHerald_0006	11510	1866.09.29_GlasgowHerald	83637
1866.09.29_GlasgowHerald_0007	10977	1866.09.29_GlasgowHerald	83637
1866.09.29_GlasgowHerald_0008	10406	1866.09.29_GlasgowHerald	83637
1866.09.29_HampshireTelegraphandSussexChronicleetc_0001	7726	1866.09.29_HampshireTelegraphandSussexChronicleetc	85400
1866.09.29_HampshireTelegraphandSussexChronicleetc_0002	8907	1866.09.29_HampshireTelegraphandSussexChronicleetc	85400
1866.09.29_HampshireTelegraphandSussexChronicleetc_0003	10932	1866.09.29_HampshireTelegraphandSussexChronicleetc	85400
1866.09.29_HampshireTelegraphandSussexChronicleetc_0004	11068	1866.09.29_HampshireTelegraphandSussexChronicleetc	85400
1866.09.29_HampshireTelegraphandSussexChronicleetc_0005	11082	1866.09.29_HampshireTelegraphandSussexChronicleetc	85400
1866.09.29_HampshireTelegraphandSussexChronicleetc_0006	12602	1866.09.29_HampshireTelegraphandSussexChronicleetc	85400
1866.09.29_HampshireTelegraphandSussexChronicleetc_0007	13132	1866.09.29_HampshireTelegraphandSussexChronicleetc	85400
1866.09.29_HampshireTelegraphandSussexChronicleetc_0008	9951	1866.09.29_HampshireTelegraphandSussexChronicleetc	85400
1866.09.29_Jackson'sOxfordJournal_0001	6553	1866.09.29_Jackson'sOxfordJournal	86024
1866.09.29_Jackson'sOxfordJournal_0002	9511	1866.09.29_Jackson'sOxfordJournal	86024
1866.09.29_Jackson'sOxfordJournal_0003	11242	1866.09.29_Jackson'sOxfordJournal	86024
1866.09.29_Jackson'sOxfordJournal_0004	10261	1866.09.29_Jackson'sOxfordJournal	86024
1866.09.29_Jackson'sOxfordJournal_0005	11903	1866.09.29_Jackson'sOxfordJournal	86024
1866.09.29_Jackson'sOxfordJournal_0006	12146	1866.09.29_Jackson'sOxfordJournal	86024
1866.09.29_Jackson'sOxfordJournal_0007	11720	1866.09.29_Jackson'sOxfordJournal	86024
1866.09.29_Jackson'sOxfordJournal_0008	12688	1866.09.29_Jackson'sOxfordJournal	86024
1866.09.29_LiverpoolMercuryetc_0001	8538	1866.09.29_LiverpoolMercuryetc	85603
1866.09.29_LiverpoolMercuryetc_0002	8720	1866.09.29_LiverpoolMercuryetc	85603
1866.09.29_LiverpoolMercuryetc_0003	10104	1866.09.29_LiverpoolMercuryetc	85603
1866.09.29_LiverpoolMercuryetc_0004	10340	1866.09.29_LiverpoolMercuryetc	85603
1866.09.29_LiverpoolMercuryetc_0005	11426	1866.09.29_LiverpoolMercuryetc	85603
1866.09.29_LiverpoolMercuryetc_0006	12502	1866.09.29_LiverpoolMercuryetc	85603
1866.09.29_LiverpoolMercuryetc_0007	11709	1866.09.29_LiverpoolMercuryetc	85603
1866.09.29_LiverpoolMercuryetc_0008	12264	1866.09.29_LiverpoolMercuryetc	85603
1866.09.29_ManchesterTimes_0001	8738	1866.09.29_ManchesterTimes	92490
1866.09.29_ManchesterTimes_0002	12766	1866.09.29_ManchesterTimes	92490
1866.09.29_ManchesterTimes_0003	13052	1866.09.29_ManchesterTimes	92490
1866.09.29_ManchesterTimes_0004	10401	1866.09.29_ManchesterTimes	92490
1866.09.29_ManchesterTimes_0005	12397	1866.09.29_ManchesterTimes	92490
1866.09.29_ManchesterTimes_0006	13162	1866.09.29_ManchesterTimes	92490
1866.09.29_ManchesterTimes_0007	13475	1866.09.29_ManchesterTimes	92490
1866.09.29_ManchesterTimes_0008	8499	1866.09.29_ManchesterTimes	92490
1866.09.29_ManchesterTimes_S0001	4674	1866.09.29_ManchesterTimes_	43068
1866.09.29_ManchesterTimes_S0002	4898	1866.09.29_ManchesterTimes_	43068
1866.09.29_ManchesterTimes_S0003	5143	1866.09.29_ManchesterTimes_	43068
1866.09.29_ManchesterTimes_S0004	5362	1866.09.29_ManchesterTimes_	43068
1866.09.29_ManchesterTimes_S0005	6180	1866.09.29_ManchesterTimes_	43068
1866.09.29_ManchesterTimes_S0006	5252	1866.09.29_ManchesterTimes_	43068
1866.09.29_ManchesterTimes_S0007	5947	1866.09.29_ManchesterTimes_	43068
1866.09.29_ManchesterTimes_S0008	5612	1866.09.29_ManchesterTimes_	43068
1866.09.29_NorthWalesChronicle_0001	5584	1866.09.29_NorthWalesChronicle	73745
1866.09.29_NorthWalesChronicle_0002	10281	1866.09.29_NorthWalesChronicle	73745
1866.09.29_NorthWalesChronicle_0003	11311	1866.09.29_NorthWalesChronicle	73745
1866.09.29_NorthWalesChronicle_0004	9554	1866.09.29_NorthWalesChronicle	73745
1866.09.29_NorthWalesChronicle_0005	10210	1866.09.29_NorthWalesChronicle	73745
1866.09.29_NorthWalesChronicle_0006	8967	1866.09.29_NorthWalesChronicle	73745
1866.09.29_NorthWalesChronicle_0007	6970	1866.09.29_NorthWalesChronicle	73745
1866.09.29_NorthWalesChronicle_0008	10868	1866.09.29_NorthWalesChronicle	73745
1866.09.29_TheBelfastNews-Letter_0001	5980	1866.09.29_TheBelfastNews-Letter	42356
1866.09.29_TheBelfastNews-Letter_0002	10558	1866.09.29_TheBelfastNews-Letter	42356
1866.09.29_TheBelfastNews-Letter_0003	12840	1866.09.29_TheBelfastNews-Letter	42356
1866.09.29_TheBelfastNews-Letter_0004	12978	1866.09.29_TheBelfastNews-Letter	42356
1866.09.29_TheBristolMercury_0001	12953	1866.09.29_TheBristolMercury	113753
1866.09.29_TheBristolMercury_0002	10052	1866.09.29_TheBristolMercury	113753
1866.09.29_TheBristolMercury_0003	15925	1866.09.29_TheBristolMercury	113753
1866.09.29_TheBristolMercury_0004	10857	1866.09.29_TheBristolMercury	113753
1866.09.29_TheBristolMercury_0005	13501	1866.09.29_TheBristolMercury	113753
1866.09.29_TheBristolMercury_0006	17543	1866.09.29_TheBristolMercury	113753
1866.09.29_TheBristolMercury_0007	15792	1866.09.29_TheBristolMercury	113753
1866.09.29_TheBristolMercury_0008	17130	1866.09.29_TheBristolMercury	113753
1866.09.29_TheCaledonianMercury_0001	5439	1866.09.29_TheCaledonianMercury	28472
1866.09.29_TheCaledonianMercury_0002	7060	1866.09.29_TheCaledonianMercury	28472
1866.09.29_TheCaledonianMercury_0003	7619	1866.09.29_TheCaledonianMercury	28472
1866.09.29_TheCaledonianMercury_0004	8354	1866.09.29_TheCaledonianMercury	28472
1866.09.29_TheExaminer_0001	2591	1866.09.29_TheExaminer	51168
1866.09.29_TheExaminer_0002	3391	1866.09.29_TheExaminer	51168
1866.09.29_TheExaminer_0003	3281	1866.09.29_TheExaminer	51168
1866.09.29_TheExaminer_0004	3619	1866.09.29_TheExaminer	51168
1866.09.29_TheExaminer_0005	3708	1866.09.29_TheExaminer	51168
1866.09.29_TheExaminer_0006	3730	1866.09.29_TheExaminer	51168
1866.09.29_TheExaminer_0007	3528	1866.09.29_TheExaminer	51168
1866.09.29_TheExaminer_0008	3355	1866.09.29_TheExaminer	51168
1866.09.29_TheExaminer_0009	3032	1866.09.29_TheExaminer	51168
1866.09.29_TheExaminer_0010	2495	1866.09.29_TheExaminer	51168
1866.09.29_TheExaminer_0011	3846	1866.09.29_TheExaminer	51168
1866.09.29_TheExaminer_0012	3779	1866.09.29_TheExaminer	51168
1866.09.29_TheExaminer_0013	3547	1866.09.29_TheExaminer	51168
1866.09.29_TheExaminer_0014	3254	1866.09.29_TheExaminer	51168
1866.09.29_TheExaminer_0015	2790	1866.09.29_TheExaminer	51168
1866.09.29_TheExaminer_0016	1222	1866.09.29_TheExaminer	51168
1866.09.29_TheIpswichJournal_0001	2752	1866.09.29_TheIpswichJournal	113147
1866.09.29_TheIpswichJournal_0002	7379	1866.09.29_TheIpswichJournal	113147
1866.09.29_TheIpswichJournal_0003	7498	1866.09.29_TheIpswichJournal	113147
1866.09.29_TheIpswichJournal_0004	6855	1866.09.29_TheIpswichJournal	113147
1866.09.29_TheIpswichJournal_0005	11508	1866.09.29_TheIpswichJournal	113147
1866.09.29_TheIpswichJournal_0006	7670	1866.09.29_TheIpswichJournal	113147
1866.09.29_TheIpswichJournal_0007	12420	1866.09.29_TheIpswichJournal	113147
1866.09.29_TheIpswichJournal_0008	11279	1866.09.29_TheIpswichJournal	113147
1866.09.29_TheIpswichJournal_0009	7472	1866.09.29_TheIpswichJournal	113147
1866.09.29_TheIpswichJournal_0010	12511	1866.09.29_TheIpswichJournal	113147
1866.09.29_TheIpswichJournal_0011	14205	1866.09.29_TheIpswichJournal	113147
1866.09.29_TheIpswichJournal_0012	11598	1866.09.29_TheIpswichJournal	113147
1866.09.29_TheLeedsMercury_0001	10354	1866.09.29_TheLeedsMercury	116410
1866.09.29_TheLeedsMercury_0002	12279	1866.09.29_TheLeedsMercury	116410
1866.09.29_TheLeedsMercury_0003	12654	1866.09.29_TheLeedsMercury	116410
1866.09.29_TheLeedsMercury_0004	11705	1866.09.29_TheLeedsMercury	116410
1866.09.29_TheLeedsMercury_0005	11174	1866.09.29_TheLeedsMercury	116410
1866.09.29_TheLeedsMercury_0006	11530	1866.09.29_TheLeedsMercury	116410
1866.09.29_TheLeedsMercury_0007	11550	1866.09.29_TheLeedsMercury	116410
1866.09.29_TheLeedsMercury_0008	11983	1866.09.29_TheLeedsMercury	116410
1866.09.29_TheLeedsMercury_0009	12681	1866.09.29_TheLeedsMercury	116410
1866.09.29_TheLeedsMercury_0010	10500	1866.09.29_TheLeedsMercury	116410
1866.09.29_TheLeedsMercury_S0001	10482	1866.09.29_TheLeedsMercury_	47101
1866.09.29_TheLeedsMercury_S0002	12924	1866.09.29_TheLeedsMercury_	47101
1866.09.29_TheLeedsMercury_S0003	12129	1866.09.29_TheLeedsMercury_	47101
1866.09.29_TheLeedsMercury_S0004	11566	1866.09.29_TheLeedsMercury_	47101
1866.09.29_ThePallMallGazette_0001	1542	1866.09.29_ThePallMallGazette	39136
1866.09.29_ThePallMallGazette_0002	1930	1866.09.29_ThePallMallGazette	39136
1866.09.29_ThePallMallGazette_0003	2194	1866.09.29_ThePallMallGazette	39136
1866.09.29_ThePallMallGazette_0004	2021	1866.09.29_ThePallMallGazette	39136
1866.09.29_ThePallMallGazette_0005	2274	1866.09.29_ThePallMallGazette	39136
1866.09.29_ThePallMallGazette_0006	2594	1866.09.29_ThePallMallGazette	39136
1866.09.29_ThePallMallGazette_0007	2553	1866.09.29_ThePallMallGazette	39136
1866.09.29_ThePallMallGazette_0008	2038	1866.09.29_ThePallMallGazette	39136
1866.09.29_ThePallMallGazette_0009	2428	1866.09.29_ThePallMallGazette	39136
1866.09.29_ThePallMallGazette_0010	3590	1866.09.29_ThePallMallGazette	39136
1866.09.29_ThePallMallGazette_0011	2105	1866.09.29_ThePallMallGazette	39136
1866.09.29_ThePallMallGazette_0012	2211	1866.09.29_ThePallMallGazette	39136
1866.09.29_ThePallMallGazette_0013	2236	1866.09.29_ThePallMallGazette	39136
1866.09.29_ThePallMallGazette_0014	3223	1866.09.29_ThePallMallGazette	39136
1866.09.29_ThePallMallGazette_0015	3193	1866.09.29_ThePallMallGazette	39136
1866.09.29_ThePallMallGazette_0016	3004	1866.09.29_ThePallMallGazette	39136
1866.09.29_ThePrestonGuardianetc_0001	8255	1866.09.29_ThePrestonGuardianetc	92433
1866.09.29_ThePrestonGuardianetc_0002	13711	1866.09.29_ThePrestonGuardianetc	92433
1866.09.29_ThePrestonGuardianetc_0003	12931	1866.09.29_ThePrestonGuardianetc	92433
1866.09.29_ThePrestonGuardianetc_0004	10522	1866.09.29_ThePrestonGuardianetc	92433
1866.09.29_ThePrestonGuardianetc_0005	12591	1866.09.29_ThePrestonGuardianetc	92433
1866.09.29_ThePrestonGuardianetc_0006	13680	1866.09.29_ThePrestonGuardianetc	92433
1866.09.29_ThePrestonGuardianetc_0007	12360	1866.09.29_ThePrestonGuardianetc	92433
1866.09.29_ThePrestonGuardianetc_0008	8383	1866.09.29_ThePrestonGuardianetc	92433
1866.09.29_Times_0001	11434	1866.09.29_Times	186677
1866.09.29_Times_0002	12693	1866.09.29_Times	186677
1866.09.29_Times_0003	11614	1866.09.29_Times	186677
1866.09.29_Times_0004	10825	1866.09.29_Times	186677
1866.09.29_Times_0005	13573	1866.09.29_Times	186677
1866.09.29_Times_0006	11784	1866.09.29_Times	186677
1866.09.29_Times_0007	6670	1866.09.29_Times	186677
1866.09.29_Times_0008	9390	1866.09.29_Times	186677
1866.09.29_Times_0009	9439	1866.09.29_Times	186677
1866.09.29_Times_0010	11003	1866.09.29_Times	186677
1866.09.29_Times_0011	11898	1866.09.29_Times	186677
1866.09.29_Times_0012	11457	1866.09.29_Times	186677
1866.09.29_Times_0013	12052	1866.09.29_Times	186677
1866.09.29_Times_0014	12836	1866.09.29_Times	186677
1866.09.29_Times_0015	15545	1866.09.29_Times	186677
1866.09.29_Times_0016	14464	1866.09.29_Times	186677
1866.09.30_Lloyd'sWeeklyNewspaper_0001	6003	1866.09.30_Lloyd'sWeeklyNewspaper	81383
1866.09.30_Lloyd'sWeeklyNewspaper_0002	7443	1866.09.30_Lloyd'sWeeklyNewspaper	81383
1866.09.30_Lloyd'sWeeklyNewspaper_0003	6194	1866.09.30_Lloyd'sWeeklyNewspaper	81383
1866.09.30_Lloyd'sWeeklyNewspaper_0004	7667	1866.09.30_Lloyd'sWeeklyNewspaper	81383
1866.09.30_Lloyd'sWeeklyNewspaper_0005	7805	1866.09.30_Lloyd'sWeeklyNewspaper	81383
1866.09.30_Lloyd'sWeeklyNewspaper_0006	4318	1866.09.30_Lloyd'sWeeklyNewspaper	81383
1866.09.30_Lloyd'sWeeklyNewspaper_0007	7487	1866.09.30_Lloyd'sWeeklyNewspaper	81383
1866.09.30_Lloyd'sWeeklyNewspaper_0008	8314	1866.09.30_Lloyd'sWeeklyNewspaper	81383
1866.09.30_Lloyd'sWeeklyNewspaper_0009	6465	1866.09.30_Lloyd'sWeeklyNewspaper	81383
1866.09.30_Lloyd'sWeeklyNewspaper_0010	4844	1866.09.30_Lloyd'sWeeklyNewspaper	81383
1866.09.30_Lloyd'sWeeklyNewspaper_0011	8043	1866.09.30_Lloyd'sWeeklyNewspaper	81383
1866.09.30_Lloyd'sWeeklyNewspaper_0012	6800	1866.09.30_Lloyd'sWeeklyNewspaper	81383
1866.09.30_Reynolds'sNewspaper_0001	9935	1866.09.30_Reynolds'sNewspaper	85207
1866.09.30_Reynolds'sNewspaper_0002	11188	1866.09.30_Reynolds'sNewspaper	85207
1866.09.30_Reynolds'sNewspaper_0003	10442	1866.09.30_Reynolds'sNewspaper	85207
1866.09.30_Reynolds'sNewspaper_0004	10773	1866.09.30_Reynolds'sNewspaper	85207
1866.09.30_Reynolds'sNewspaper_0005	11258	1866.09.30_Reynolds'sNewspaper	85207
1866.09.30_Reynolds'sNewspaper_0006	11345	1866.09.30_Reynolds'sNewspaper	85207
1866.09.30_Reynolds'sNewspaper_0007	9222	1866.09.30_Reynolds'sNewspaper	85207
1866.09.30_Reynolds'sNewspaper_0008	11044	1866.09.30_Reynolds'sNewspaper	85207
1866.09.30_TheEra_0001	4459	1866.09.30_TheEra	109866
1866.09.30_TheEra_0002	6117	1866.09.30_TheEra	109866
1866.09.30_TheEra_0003	7122	1866.09.30_TheEra	109866
1866.09.30_TheEra_0004	7853	1866.09.30_TheEra	109866
1866.09.30_TheEra_0005	7588	1866.09.30_TheEra	109866
1866.09.30_TheEra_0006	7170	1866.09.30_TheEra	109866
1866.09.30_TheEra_0007	6462	1866.09.30_TheEra	109866
1866.09.30_TheEra_0008	6532	1866.09.30_TheEra	109866
1866.09.30_TheEra_0009	5681	1866.09.30_TheEra	109866
1866.09.30_TheEra_0010	6996	1866.09.30_TheEra	109866
1866.09.30_TheEra_0011	7703	1866.09.30_TheEra	109866
1866.09.30_TheEra_0012	8301	1866.09.30_TheEra	109866
1866.09.30_TheEra_0013	8365	1866.09.30_TheEra	109866
1866.09.30_TheEra_0014	7409	1866.09.30_TheEra	109866
1866.09.30_TheEra_0015	6322	1866.09.30_TheEra	109866
1866.09.30_TheEra_0016	5786	1866.09.30_TheEra	109866
