1875.06.01_BirminghamDailyPost_0001	10002	1875.06.01_BirminghamDailyPost	84497
1875.06.01_BirminghamDailyPost_0002	10422	1875.06.01_BirminghamDailyPost	84497
1875.06.01_BirminghamDailyPost_0003	9914	1875.06.01_BirminghamDailyPost	84497
1875.06.01_BirminghamDailyPost_0004	8771	1875.06.01_BirminghamDailyPost	84497
1875.06.01_BirminghamDailyPost_0005	10818	1875.06.01_BirminghamDailyPost	84497
1875.06.01_BirminghamDailyPost_0006	11805	1875.06.01_BirminghamDailyPost	84497
1875.06.01_BirminghamDailyPost_0007	11794	1875.06.01_BirminghamDailyPost	84497
1875.06.01_BirminghamDailyPost_0008	10971	1875.06.01_BirminghamDailyPost	84497
1875.06.01_DailyNews_0001	9835	1875.06.01_DailyNews	81564
1875.06.01_DailyNews_0002	12950	1875.06.01_DailyNews	81564
1875.06.01_DailyNews_0003	11509	1875.06.01_DailyNews	81564
1875.06.01_DailyNews_0004	9181	1875.06.01_DailyNews	81564
1875.06.01_DailyNews_0005	8931	1875.06.01_DailyNews	81564
1875.06.01_DailyNews_0006	11813	1875.06.01_DailyNews	81564
1875.06.01_DailyNews_0007	8475	1875.06.01_DailyNews	81564
1875.06.01_DailyNews_0008	8870	1875.06.01_DailyNews	81564
1875.06.01_Freeman'sJournalandDailyCommercialAdvertiser_0001	6788	1875.06.01_Freeman'sJournalandDailyCommercialAdvertiser	66132
1875.06.01_Freeman'sJournalandDailyCommercialAdvertiser_0002	7935	1875.06.01_Freeman'sJournalandDailyCommercialAdvertiser	66132
1875.06.01_Freeman'sJournalandDailyCommercialAdvertiser_0003	8605	1875.06.01_Freeman'sJournalandDailyCommercialAdvertiser	66132
1875.06.01_Freeman'sJournalandDailyCommercialAdvertiser_0004	5967	1875.06.01_Freeman'sJournalandDailyCommercialAdvertiser	66132
1875.06.01_Freeman'sJournalandDailyCommercialAdvertiser_0005	8074	1875.06.01_Freeman'sJournalandDailyCommercialAdvertiser	66132
1875.06.01_Freeman'sJournalandDailyCommercialAdvertiser_0006	9536	1875.06.01_Freeman'sJournalandDailyCommercialAdvertiser	66132
1875.06.01_Freeman'sJournalandDailyCommercialAdvertiser_0007	9614	1875.06.01_Freeman'sJournalandDailyCommercialAdvertiser	66132
1875.06.01_Freeman'sJournalandDailyCommercialAdvertiser_0008	9613	1875.06.01_Freeman'sJournalandDailyCommercialAdvertiser	66132
1875.06.01_GlasgowHerald_0001	8193	1875.06.01_GlasgowHerald	88988
1875.06.01_GlasgowHerald_0002	8876	1875.06.01_GlasgowHerald	88988
1875.06.01_GlasgowHerald_0003	12810	1875.06.01_GlasgowHerald	88988
1875.06.01_GlasgowHerald_0004	10785	1875.06.01_GlasgowHerald	88988
1875.06.01_GlasgowHerald_0005	11982	1875.06.01_GlasgowHerald	88988
1875.06.01_GlasgowHerald_0006	12424	1875.06.01_GlasgowHerald	88988
1875.06.01_GlasgowHerald_0007	13809	1875.06.01_GlasgowHerald	88988
1875.06.01_GlasgowHerald_0008	10109	1875.06.01_GlasgowHerald	88988
1875.06.01_LiverpoolMercuryetc_0001	11521	1875.06.01_LiverpoolMercuryetc	105139
1875.06.01_LiverpoolMercuryetc_0002	13885	1875.06.01_LiverpoolMercuryetc	105139
1875.06.01_LiverpoolMercuryetc_0003	12428	1875.06.01_LiverpoolMercuryetc	105139
1875.06.01_LiverpoolMercuryetc_0004	12529	1875.06.01_LiverpoolMercuryetc	105139
1875.06.01_LiverpoolMercuryetc_0005	13408	1875.06.01_LiverpoolMercuryetc	105139
1875.06.01_LiverpoolMercuryetc_0006	15253	1875.06.01_LiverpoolMercuryetc	105139
1875.06.01_LiverpoolMercuryetc_0007	14228	1875.06.01_LiverpoolMercuryetc	105139
1875.06.01_LiverpoolMercuryetc_0008	11887	1875.06.01_LiverpoolMercuryetc	105139
1875.06.01_NorthernEcho_0001	7230	1875.06.01_NorthernEcho	33573
1875.06.01_NorthernEcho_0002	7859	1875.06.01_NorthernEcho	33573
1875.06.01_NorthernEcho_0003	8527	1875.06.01_NorthernEcho	33573
1875.06.01_NorthernEcho_0004	9957	1875.06.01_NorthernEcho	33573
1875.06.01_TheIpswichJournal_0001	6197	1875.06.01_TheIpswichJournal	34436
1875.06.01_TheIpswichJournal_0002	7866	1875.06.01_TheIpswichJournal	34436
1875.06.01_TheIpswichJournal_0003	10507	1875.06.01_TheIpswichJournal	34436
1875.06.01_TheIpswichJournal_0004	9866	1875.06.01_TheIpswichJournal	34436
1875.06.01_ThePallMallGazette_0001	1564	1875.06.01_ThePallMallGazette	38874
1875.06.01_ThePallMallGazette_0002	2020	1875.06.01_ThePallMallGazette	38874
1875.06.01_ThePallMallGazette_0003	2093	1875.06.01_ThePallMallGazette	38874
1875.06.01_ThePallMallGazette_0004	2081	1875.06.01_ThePallMallGazette	38874
1875.06.01_ThePallMallGazette_0005	2750	1875.06.01_ThePallMallGazette	38874
1875.06.01_ThePallMallGazette_0006	2469	1875.06.01_ThePallMallGazette	38874
1875.06.01_ThePallMallGazette_0007	2638	1875.06.01_ThePallMallGazette	38874
1875.06.01_ThePallMallGazette_0008	2192	1875.06.01_ThePallMallGazette	38874
1875.06.01_ThePallMallGazette_0009	3048	1875.06.01_ThePallMallGazette	38874
1875.06.01_ThePallMallGazette_0010	2207	1875.06.01_ThePallMallGazette	38874
1875.06.01_ThePallMallGazette_0011	2187	1875.06.01_ThePallMallGazette	38874
1875.06.01_ThePallMallGazette_0012	2285	1875.06.01_ThePallMallGazette	38874
1875.06.01_ThePallMallGazette_0013	3331	1875.06.01_ThePallMallGazette	38874
1875.06.01_ThePallMallGazette_0014	3187	1875.06.01_ThePallMallGazette	38874
1875.06.01_ThePallMallGazette_0015	2540	1875.06.01_ThePallMallGazette	38874
1875.06.01_ThePallMallGazette_0016	2282	1875.06.01_ThePallMallGazette	38874
1875.06.01_Times_0001	11867	1875.06.01_Times	185082
1875.06.01_Times_0002	13231	1875.06.01_Times	185082
1875.06.01_Times_0003	12018	1875.06.01_Times	185082
1875.06.01_Times_0004	5316	1875.06.01_Times	185082
1875.06.01_Times_0005	15620	1875.06.01_Times	185082
1875.06.01_Times_0006	23980	1875.06.01_Times	185082
1875.06.01_Times_0007	0	1875.06.01_Times	185082
1875.06.01_Times_0008	9679	1875.06.01_Times	185082
1875.06.01_Times_0009	8814	1875.06.01_Times	185082
1875.06.01_Times_0010	8590	1875.06.01_Times	185082
1875.06.01_Times_0011	9760	1875.06.01_Times	185082
1875.06.01_Times_0012	9014	1875.06.01_Times	185082
1875.06.01_Times_0013	15104	1875.06.01_Times	185082
1875.06.01_Times_0014	12109	1875.06.01_Times	185082
1875.06.01_Times_0015	13786	1875.06.01_Times	185082
1875.06.01_Times_0016	16194	1875.06.01_Times	185082
1875.06.01_WesternMail_0001	10123	1875.06.01_WesternMail	75470
1875.06.01_WesternMail_0002	9051	1875.06.01_WesternMail	75470
1875.06.01_WesternMail_0003	8522	1875.06.01_WesternMail	75470
1875.06.01_WesternMail_0004	7282	1875.06.01_WesternMail	75470
1875.06.01_WesternMail_0005	10695	1875.06.01_WesternMail	75470
1875.06.01_WesternMail_0006	11908	1875.06.01_WesternMail	75470
1875.06.01_WesternMail_0007	9477	1875.06.01_WesternMail	75470
1875.06.01_WesternMail_0008	8412	1875.06.01_WesternMail	75470
1875.06.02_BaneracAmserauCymru_0001	2811	1875.06.02_BaneracAmserauCymru	71738
1875.06.02_BaneracAmserauCymru_0002	4361	1875.06.02_BaneracAmserauCymru	71738
1875.06.02_BaneracAmserauCymru_0003	3392	1875.06.02_BaneracAmserauCymru	71738
1875.06.02_BaneracAmserauCymru_0004	4575	1875.06.02_BaneracAmserauCymru	71738
1875.06.02_BaneracAmserauCymru_0005	4412	1875.06.02_BaneracAmserauCymru	71738
1875.06.02_BaneracAmserauCymru_0006	4529	1875.06.02_BaneracAmserauCymru	71738
1875.06.02_BaneracAmserauCymru_0007	4665	1875.06.02_BaneracAmserauCymru	71738
1875.06.02_BaneracAmserauCymru_0008	4255	1875.06.02_BaneracAmserauCymru	71738
1875.06.02_BaneracAmserauCymru_0009	3849	1875.06.02_BaneracAmserauCymru	71738
1875.06.02_BaneracAmserauCymru_0010	5607	1875.06.02_BaneracAmserauCymru	71738
1875.06.02_BaneracAmserauCymru_0011	4808	1875.06.02_BaneracAmserauCymru	71738
1875.06.02_BaneracAmserauCymru_0012	4588	1875.06.02_BaneracAmserauCymru	71738
1875.06.02_BaneracAmserauCymru_0013	5777	1875.06.02_BaneracAmserauCymru	71738
1875.06.02_BaneracAmserauCymru_0014	5953	1875.06.02_BaneracAmserauCymru	71738
1875.06.02_BaneracAmserauCymru_0015	5236	1875.06.02_BaneracAmserauCymru	71738
1875.06.02_BaneracAmserauCymru_0016	2920	1875.06.02_BaneracAmserauCymru	71738
1875.06.02_BirminghamDailyPost_0001	9161	1875.06.02_BirminghamDailyPost	87648
1875.06.02_BirminghamDailyPost_0002	10708	1875.06.02_BirminghamDailyPost	87648
1875.06.02_BirminghamDailyPost_0003	10996	1875.06.02_BirminghamDailyPost	87648
1875.06.02_BirminghamDailyPost_0004	9538	1875.06.02_BirminghamDailyPost	87648
1875.06.02_BirminghamDailyPost_0005	12504	1875.06.02_BirminghamDailyPost	87648
1875.06.02_BirminghamDailyPost_0006	12733	1875.06.02_BirminghamDailyPost	87648
1875.06.02_BirminghamDailyPost_0007	11155	1875.06.02_BirminghamDailyPost	87648
1875.06.02_BirminghamDailyPost_0008	10853	1875.06.02_BirminghamDailyPost	87648
1875.06.02_DailyNews_0001	8120	1875.06.02_DailyNews	80442
1875.06.02_DailyNews_0002	12051	1875.06.02_DailyNews	80442
1875.06.02_DailyNews_0003	12926	1875.06.02_DailyNews	80442
1875.06.02_DailyNews_0004	8952	1875.06.02_DailyNews	80442
1875.06.02_DailyNews_0005	9952	1875.06.02_DailyNews	80442
1875.06.02_DailyNews_0006	11900	1875.06.02_DailyNews	80442
1875.06.02_DailyNews_0007	6721	1875.06.02_DailyNews	80442
1875.06.02_DailyNews_0008	9820	1875.06.02_DailyNews	80442
1875.06.02_Freeman'sJournalandDailyCommercialAdvertiser_0001	8533	1875.06.02_Freeman'sJournalandDailyCommercialAdvertiser	80154
1875.06.02_Freeman'sJournalandDailyCommercialAdvertiser_0002	11080	1875.06.02_Freeman'sJournalandDailyCommercialAdvertiser	80154
1875.06.02_Freeman'sJournalandDailyCommercialAdvertiser_0003	11457	1875.06.02_Freeman'sJournalandDailyCommercialAdvertiser	80154
1875.06.02_Freeman'sJournalandDailyCommercialAdvertiser_0004	7468	1875.06.02_Freeman'sJournalandDailyCommercialAdvertiser	80154
1875.06.02_Freeman'sJournalandDailyCommercialAdvertiser_0005	10062	1875.06.02_Freeman'sJournalandDailyCommercialAdvertiser	80154
1875.06.02_Freeman'sJournalandDailyCommercialAdvertiser_0006	10567	1875.06.02_Freeman'sJournalandDailyCommercialAdvertiser	80154
1875.06.02_Freeman'sJournalandDailyCommercialAdvertiser_0007	12365	1875.06.02_Freeman'sJournalandDailyCommercialAdvertiser	80154
1875.06.02_Freeman'sJournalandDailyCommercialAdvertiser_0008	8622	1875.06.02_Freeman'sJournalandDailyCommercialAdvertiser	80154
1875.06.02_GlasgowHerald_0001	9916	1875.06.02_GlasgowHerald	107068
1875.06.02_GlasgowHerald_0002	11825	1875.06.02_GlasgowHerald	107068
1875.06.02_GlasgowHerald_0003	13642	1875.06.02_GlasgowHerald	107068
1875.06.02_GlasgowHerald_0004	13940	1875.06.02_GlasgowHerald	107068
1875.06.02_GlasgowHerald_0005	14371	1875.06.02_GlasgowHerald	107068
1875.06.02_GlasgowHerald_0006	15378	1875.06.02_GlasgowHerald	107068
1875.06.02_GlasgowHerald_0007	14575	1875.06.02_GlasgowHerald	107068
1875.06.02_GlasgowHerald_0008	13421	1875.06.02_GlasgowHerald	107068
1875.06.02_HampshireTelegraphandSussexChronicleetc_0001	9215	1875.06.02_HampshireTelegraphandSussexChronicleetc	58709
1875.06.02_HampshireTelegraphandSussexChronicleetc_0002	14131	1875.06.02_HampshireTelegraphandSussexChronicleetc	58709
1875.06.02_HampshireTelegraphandSussexChronicleetc_0003	17986	1875.06.02_HampshireTelegraphandSussexChronicleetc	58709
1875.06.02_HampshireTelegraphandSussexChronicleetc_0004	17377	1875.06.02_HampshireTelegraphandSussexChronicleetc	58709
1875.06.02_LiverpoolMercuryetc_0001	11593	1875.06.02_LiverpoolMercuryetc	104920
1875.06.02_LiverpoolMercuryetc_0002	13045	1875.06.02_LiverpoolMercuryetc	104920
1875.06.02_LiverpoolMercuryetc_0003	12976	1875.06.02_LiverpoolMercuryetc	104920
1875.06.02_LiverpoolMercuryetc_0004	13571	1875.06.02_LiverpoolMercuryetc	104920
1875.06.02_LiverpoolMercuryetc_0005	14167	1875.06.02_LiverpoolMercuryetc	104920
1875.06.02_LiverpoolMercuryetc_0006	12949	1875.06.02_LiverpoolMercuryetc	104920
1875.06.02_LiverpoolMercuryetc_0007	14130	1875.06.02_LiverpoolMercuryetc	104920
1875.06.02_LiverpoolMercuryetc_0008	12489	1875.06.02_LiverpoolMercuryetc	104920
1875.06.02_NorthernEcho_0001	7256	1875.06.02_NorthernEcho	32599
1875.06.02_NorthernEcho_0002	8046	1875.06.02_NorthernEcho	32599
1875.06.02_NorthernEcho_0003	8079	1875.06.02_NorthernEcho	32599
1875.06.02_NorthernEcho_0004	9218	1875.06.02_NorthernEcho	32599
1875.06.02_TheAberdeenJournal_0001	9498	1875.06.02_TheAberdeenJournal	99114
1875.06.02_TheAberdeenJournal_0002	12234	1875.06.02_TheAberdeenJournal	99114
1875.06.02_TheAberdeenJournal_0003	14353	1875.06.02_TheAberdeenJournal	99114
1875.06.02_TheAberdeenJournal_0004	7424	1875.06.02_TheAberdeenJournal	99114
1875.06.02_TheAberdeenJournal_0005	14451	1875.06.02_TheAberdeenJournal	99114
1875.06.02_TheAberdeenJournal_0006	14146	1875.06.02_TheAberdeenJournal	99114
1875.06.02_TheAberdeenJournal_0007	14964	1875.06.02_TheAberdeenJournal	99114
1875.06.02_TheAberdeenJournal_0008	12044	1875.06.02_TheAberdeenJournal	99114
1875.06.02_TheDerbyMercury_0001	7926	1875.06.02_TheDerbyMercury	90683
1875.06.02_TheDerbyMercury_0002	13886	1875.06.02_TheDerbyMercury	90683
1875.06.02_TheDerbyMercury_0003	13910	1875.06.02_TheDerbyMercury	90683
1875.06.02_TheDerbyMercury_0004	5373	1875.06.02_TheDerbyMercury	90683
1875.06.02_TheDerbyMercury_0005	11286	1875.06.02_TheDerbyMercury	90683
1875.06.02_TheDerbyMercury_0006	14325	1875.06.02_TheDerbyMercury	90683
1875.06.02_TheDerbyMercury_0007	10410	1875.06.02_TheDerbyMercury	90683
1875.06.02_TheDerbyMercury_0008	13567	1875.06.02_TheDerbyMercury	90683
1875.06.02_ThePallMallGazette_0001	1644	1875.06.02_ThePallMallGazette	36096
1875.06.02_ThePallMallGazette_0002	2016	1875.06.02_ThePallMallGazette	36096
1875.06.02_ThePallMallGazette_0003	2647	1875.06.02_ThePallMallGazette	36096
1875.06.02_ThePallMallGazette_0004	2152	1875.06.02_ThePallMallGazette	36096
1875.06.02_ThePallMallGazette_0005	2142	1875.06.02_ThePallMallGazette	36096
1875.06.02_ThePallMallGazette_0006	2451	1875.06.02_ThePallMallGazette	36096
1875.06.02_ThePallMallGazette_0007	2618	1875.06.02_ThePallMallGazette	36096
1875.06.02_ThePallMallGazette_0008	2231	1875.06.02_ThePallMallGazette	36096
1875.06.02_ThePallMallGazette_0009	2956	1875.06.02_ThePallMallGazette	36096
1875.06.02_ThePallMallGazette_0010	2176	1875.06.02_ThePallMallGazette	36096
1875.06.02_ThePallMallGazette_0011	2285	1875.06.02_ThePallMallGazette	36096
1875.06.02_ThePallMallGazette_0012	2273	1875.06.02_ThePallMallGazette	36096
1875.06.02_ThePallMallGazette_0013	2713	1875.06.02_ThePallMallGazette	36096
1875.06.02_ThePallMallGazette_0014	3184	1875.06.02_ThePallMallGazette	36096
1875.06.02_ThePallMallGazette_0015	2106	1875.06.02_ThePallMallGazette	36096
1875.06.02_ThePallMallGazette_0016	502	1875.06.02_ThePallMallGazette	36096
1875.06.02_Times_0001	12018	1875.06.02_Times	236324
1875.06.02_Times_0002	13128	1875.06.02_Times	236324
1875.06.02_Times_0003	11783	1875.06.02_Times	236324
1875.06.02_Times_0004	13344	1875.06.02_Times	236324
1875.06.02_Times_0005	15328	1875.06.02_Times	236324
1875.06.02_Times_0006	2777	1875.06.02_Times	236324
1875.06.02_Times_0007	9669	1875.06.02_Times	236324
1875.06.02_Times_0008	25714	1875.06.02_Times	236324
1875.06.02_Times_0009	0	1875.06.02_Times	236324
1875.06.02_Times_0010	9756	1875.06.02_Times	236324
1875.06.02_Times_0011	8155	1875.06.02_Times	236324
1875.06.02_Times_0012	10810	1875.06.02_Times	236324
1875.06.02_Times_0013	10704	1875.06.02_Times	236324
1875.06.02_Times_0014	10527	1875.06.02_Times	236324
1875.06.02_Times_0015	13371	1875.06.02_Times	236324
1875.06.02_Times_0016	13418	1875.06.02_Times	236324
1875.06.02_Times_0017	12768	1875.06.02_Times	236324
1875.06.02_Times_0018	11631	1875.06.02_Times	236324
1875.06.02_Times_0019	15458	1875.06.02_Times	236324
1875.06.02_Times_0020	15965	1875.06.02_Times	236324
1875.06.02_Trewman'sExeterFlyingPostorPlymouthandCornishAdvertiser_0001	8376	1875.06.02_Trewman'sExeterFlyingPostorPlymouthandCornishAdvertiser	93269
1875.06.02_Trewman'sExeterFlyingPostorPlymouthandCornishAdvertiser_0002	11426	1875.06.02_Trewman'sExeterFlyingPostorPlymouthandCornishAdvertiser	93269
1875.06.02_Trewman'sExeterFlyingPostorPlymouthandCornishAdvertiser_0003	13140	1875.06.02_Trewman'sExeterFlyingPostorPlymouthandCornishAdvertiser	93269
1875.06.02_Trewman'sExeterFlyingPostorPlymouthandCornishAdvertiser_0004	6584	1875.06.02_Trewman'sExeterFlyingPostorPlymouthandCornishAdvertiser	93269
1875.06.02_Trewman'sExeterFlyingPostorPlymouthandCornishAdvertiser_0005	13237	1875.06.02_Trewman'sExeterFlyingPostorPlymouthandCornishAdvertiser	93269
1875.06.02_Trewman'sExeterFlyingPostorPlymouthandCornishAdvertiser_0006	15191	1875.06.02_Trewman'sExeterFlyingPostorPlymouthandCornishAdvertiser	93269
1875.06.02_Trewman'sExeterFlyingPostorPlymouthandCornishAdvertiser_0007	13162	1875.06.02_Trewman'sExeterFlyingPostorPlymouthandCornishAdvertiser	93269
1875.06.02_Trewman'sExeterFlyingPostorPlymouthandCornishAdvertiser_0008	12153	1875.06.02_Trewman'sExeterFlyingPostorPlymouthandCornishAdvertiser	93269
1875.06.02_WesternMail_0001	10044	1875.06.02_WesternMail	82910
1875.06.02_WesternMail_0002	8460	1875.06.02_WesternMail	82910
1875.06.02_WesternMail_0003	8771	1875.06.02_WesternMail	82910
1875.06.02_WesternMail_0004	8975	1875.06.02_WesternMail	82910
1875.06.02_WesternMail_0005	12124	1875.06.02_WesternMail	82910
1875.06.02_WesternMail_0006	12482	1875.06.02_WesternMail	82910
1875.06.02_WesternMail_0007	11485	1875.06.02_WesternMail	82910
1875.06.02_WesternMail_0008	10569	1875.06.02_WesternMail	82910
1875.06.03_BirminghamDailyPost_0001	12219	1875.06.03_BirminghamDailyPost	100510
1875.06.03_BirminghamDailyPost_0002	11556	1875.06.03_BirminghamDailyPost	100510
1875.06.03_BirminghamDailyPost_0003	13020	1875.06.03_BirminghamDailyPost	100510
1875.06.03_BirminghamDailyPost_0004	12866	1875.06.03_BirminghamDailyPost	100510
1875.06.03_BirminghamDailyPost_0005	13030	1875.06.03_BirminghamDailyPost	100510
1875.06.03_BirminghamDailyPost_0006	13683	1875.06.03_BirminghamDailyPost	100510
1875.06.03_BirminghamDailyPost_0007	11803	1875.06.03_BirminghamDailyPost	100510
1875.06.03_BirminghamDailyPost_0008	12333	1875.06.03_BirminghamDailyPost	100510
1875.06.03_DailyNews_0001	9678	1875.06.03_DailyNews	81637
1875.06.03_DailyNews_0002	11222	1875.06.03_DailyNews	81637
1875.06.03_DailyNews_0003	11821	1875.06.03_DailyNews	81637
1875.06.03_DailyNews_0004	10190	1875.06.03_DailyNews	81637
1875.06.03_DailyNews_0005	8900	1875.06.03_DailyNews	81637
1875.06.03_DailyNews_0006	11887	1875.06.03_DailyNews	81637
1875.06.03_DailyNews_0007	9340	1875.06.03_DailyNews	81637
1875.06.03_DailyNews_0008	8599	1875.06.03_DailyNews	81637
1875.06.03_Freeman'sJournalandDailyCommercialAdvertiser_0001	6681	1875.06.03_Freeman'sJournalandDailyCommercialAdvertiser	65413
1875.06.03_Freeman'sJournalandDailyCommercialAdvertiser_0002	8577	1875.06.03_Freeman'sJournalandDailyCommercialAdvertiser	65413
1875.06.03_Freeman'sJournalandDailyCommercialAdvertiser_0003	9799	1875.06.03_Freeman'sJournalandDailyCommercialAdvertiser	65413
1875.06.03_Freeman'sJournalandDailyCommercialAdvertiser_0004	5241	1875.06.03_Freeman'sJournalandDailyCommercialAdvertiser	65413
1875.06.03_Freeman'sJournalandDailyCommercialAdvertiser_0005	8106	1875.06.03_Freeman'sJournalandDailyCommercialAdvertiser	65413
1875.06.03_Freeman'sJournalandDailyCommercialAdvertiser_0006	8896	1875.06.03_Freeman'sJournalandDailyCommercialAdvertiser	65413
1875.06.03_Freeman'sJournalandDailyCommercialAdvertiser_0007	9196	1875.06.03_Freeman'sJournalandDailyCommercialAdvertiser	65413
1875.06.03_Freeman'sJournalandDailyCommercialAdvertiser_0008	8917	1875.06.03_Freeman'sJournalandDailyCommercialAdvertiser	65413
1875.06.03_GlasgowHerald_0001	8816	1875.06.03_GlasgowHerald	90799
1875.06.03_GlasgowHerald_0002	9469	1875.06.03_GlasgowHerald	90799
1875.06.03_GlasgowHerald_0003	12891	1875.06.03_GlasgowHerald	90799
1875.06.03_GlasgowHerald_0004	11088	1875.06.03_GlasgowHerald	90799
1875.06.03_GlasgowHerald_0005	12180	1875.06.03_GlasgowHerald	90799
1875.06.03_GlasgowHerald_0006	13709	1875.06.03_GlasgowHerald	90799
1875.06.03_GlasgowHerald_0007	12720	1875.06.03_GlasgowHerald	90799
1875.06.03_GlasgowHerald_0008	9926	1875.06.03_GlasgowHerald	90799
1875.06.03_LiverpoolMercuryetc_0001	11249	1875.06.03_LiverpoolMercuryetc	109968
1875.06.03_LiverpoolMercuryetc_0002	13904	1875.06.03_LiverpoolMercuryetc	109968
1875.06.03_LiverpoolMercuryetc_0003	14364	1875.06.03_LiverpoolMercuryetc	109968
1875.06.03_LiverpoolMercuryetc_0004	12875	1875.06.03_LiverpoolMercuryetc	109968
1875.06.03_LiverpoolMercuryetc_0005	13269	1875.06.03_LiverpoolMercuryetc	109968
1875.06.03_LiverpoolMercuryetc_0006	13783	1875.06.03_LiverpoolMercuryetc	109968
1875.06.03_LiverpoolMercuryetc_0007	14952	1875.06.03_LiverpoolMercuryetc	109968
1875.06.03_LiverpoolMercuryetc_0008	15572	1875.06.03_LiverpoolMercuryetc	109968
1875.06.03_NorthernEcho_0001	7202	1875.06.03_NorthernEcho	33063
1875.06.03_NorthernEcho_0002	8207	1875.06.03_NorthernEcho	33063
1875.06.03_NorthernEcho_0003	8118	1875.06.03_NorthernEcho	33063
1875.06.03_NorthernEcho_0004	9536	1875.06.03_NorthernEcho	33063
1875.06.03_ThePallMallGazette_0001	1638	1875.06.03_ThePallMallGazette	38340
1875.06.03_ThePallMallGazette_0002	2154	1875.06.03_ThePallMallGazette	38340
1875.06.03_ThePallMallGazette_0003	2106	1875.06.03_ThePallMallGazette	38340
1875.06.03_ThePallMallGazette_0004	2131	1875.06.03_ThePallMallGazette	38340
1875.06.03_ThePallMallGazette_0005	2732	1875.06.03_ThePallMallGazette	38340
1875.06.03_ThePallMallGazette_0006	2368	1875.06.03_ThePallMallGazette	38340
1875.06.03_ThePallMallGazette_0007	2516	1875.06.03_ThePallMallGazette	38340
1875.06.03_ThePallMallGazette_0008	1939	1875.06.03_ThePallMallGazette	38340
1875.06.03_ThePallMallGazette_0009	3118	1875.06.03_ThePallMallGazette	38340
1875.06.03_ThePallMallGazette_0010	2231	1875.06.03_ThePallMallGazette	38340
1875.06.03_ThePallMallGazette_0011	2227	1875.06.03_ThePallMallGazette	38340
1875.06.03_ThePallMallGazette_0012	2048	1875.06.03_ThePallMallGazette	38340
1875.06.03_ThePallMallGazette_0013	3408	1875.06.03_ThePallMallGazette	38340
1875.06.03_ThePallMallGazette_0014	3133	1875.06.03_ThePallMallGazette	38340
1875.06.03_ThePallMallGazette_0015	2833	1875.06.03_ThePallMallGazette	38340
1875.06.03_ThePallMallGazette_0016	1758	1875.06.03_ThePallMallGazette	38340
1875.06.03_Times_0001	11631	1875.06.03_Times	233442
1875.06.03_Times_0002	13557	1875.06.03_Times	233442
1875.06.03_Times_0003	11752	1875.06.03_Times	233442
1875.06.03_Times_0004	13099	1875.06.03_Times	233442
1875.06.03_Times_0005	10752	1875.06.03_Times	233442
1875.06.03_Times_0006	5258	1875.06.03_Times	233442
1875.06.03_Times_0007	10938	1875.06.03_Times	233442
1875.06.03_Times_0008	12781	1875.06.03_Times	233442
1875.06.03_Times_0009	11854	1875.06.03_Times	233442
1875.06.03_Times_0010	12091	1875.06.03_Times	233442
1875.06.03_Times_0011	8356	1875.06.03_Times	233442
1875.06.03_Times_0012	9902	1875.06.03_Times	233442
1875.06.03_Times_0013	12780	1875.06.03_Times	233442
1875.06.03_Times_0014	9928	1875.06.03_Times	233442
1875.06.03_Times_0015	15993	1875.06.03_Times	233442
1875.06.03_Times_0016	13095	1875.06.03_Times	233442
1875.06.03_Times_0017	12388	1875.06.03_Times	233442
1875.06.03_Times_0018	11759	1875.06.03_Times	233442
1875.06.03_Times_0019	11022	1875.06.03_Times	233442
1875.06.03_Times_0020	14506	1875.06.03_Times	233442
1875.06.03_WesternMail_0001	8409	1875.06.03_WesternMail	72158
1875.06.03_WesternMail_0002	7947	1875.06.03_WesternMail	72158
1875.06.03_WesternMail_0003	8147	1875.06.03_WesternMail	72158
1875.06.03_WesternMail_0004	6779	1875.06.03_WesternMail	72158
1875.06.03_WesternMail_0005	10635	1875.06.03_WesternMail	72158
1875.06.03_WesternMail_0006	11426	1875.06.03_WesternMail	72158
1875.06.03_WesternMail_0007	9811	1875.06.03_WesternMail	72158
1875.06.03_WesternMail_0008	9004	1875.06.03_WesternMail	72158
1875.06.04_BirminghamDailyPost_0001	8568	1875.06.04_BirminghamDailyPost	86194
1875.06.04_BirminghamDailyPost_0002	11134	1875.06.04_BirminghamDailyPost	86194
1875.06.04_BirminghamDailyPost_0003	10598	1875.06.04_BirminghamDailyPost	86194
1875.06.04_BirminghamDailyPost_0004	9799	1875.06.04_BirminghamDailyPost	86194
1875.06.04_BirminghamDailyPost_0005	12414	1875.06.04_BirminghamDailyPost	86194
1875.06.04_BirminghamDailyPost_0006	12515	1875.06.04_BirminghamDailyPost	86194
1875.06.04_BirminghamDailyPost_0007	11091	1875.06.04_BirminghamDailyPost	86194
1875.06.04_BirminghamDailyPost_0008	10075	1875.06.04_BirminghamDailyPost	86194
1875.06.04_DailyNews_0001	11027	1875.06.04_DailyNews	88017
1875.06.04_DailyNews_0002	11147	1875.06.04_DailyNews	88017
1875.06.04_DailyNews_0003	11949	1875.06.04_DailyNews	88017
1875.06.04_DailyNews_0004	9979	1875.06.04_DailyNews	88017
1875.06.04_DailyNews_0005	8891	1875.06.04_DailyNews	88017
1875.06.04_DailyNews_0006	14073	1875.06.04_DailyNews	88017
1875.06.04_DailyNews_0007	9489	1875.06.04_DailyNews	88017
1875.06.04_DailyNews_0008	11462	1875.06.04_DailyNews	88017
1875.06.04_Freeman'sJournalandDailyCommercialAdvertiser_0001	7538	1875.06.04_Freeman'sJournalandDailyCommercialAdvertiser	69875
1875.06.04_Freeman'sJournalandDailyCommercialAdvertiser_0002	10102	1875.06.04_Freeman'sJournalandDailyCommercialAdvertiser	69875
1875.06.04_Freeman'sJournalandDailyCommercialAdvertiser_0003	10312	1875.06.04_Freeman'sJournalandDailyCommercialAdvertiser	69875
1875.06.04_Freeman'sJournalandDailyCommercialAdvertiser_0004	5451	1875.06.04_Freeman'sJournalandDailyCommercialAdvertiser	69875
1875.06.04_Freeman'sJournalandDailyCommercialAdvertiser_0005	7995	1875.06.04_Freeman'sJournalandDailyCommercialAdvertiser	69875
1875.06.04_Freeman'sJournalandDailyCommercialAdvertiser_0006	9001	1875.06.04_Freeman'sJournalandDailyCommercialAdvertiser	69875
1875.06.04_Freeman'sJournalandDailyCommercialAdvertiser_0007	10912	1875.06.04_Freeman'sJournalandDailyCommercialAdvertiser	69875
1875.06.04_Freeman'sJournalandDailyCommercialAdvertiser_0008	8564	1875.06.04_Freeman'sJournalandDailyCommercialAdvertiser	69875
1875.06.04_GlasgowHerald_0001	7094	1875.06.04_GlasgowHerald	85270
1875.06.04_GlasgowHerald_0002	9800	1875.06.04_GlasgowHerald	85270
1875.06.04_GlasgowHerald_0003	6326	1875.06.04_GlasgowHerald	85270
1875.06.04_GlasgowHerald_0004	12238	1875.06.04_GlasgowHerald	85270
1875.06.04_GlasgowHerald_0005	14827	1875.06.04_GlasgowHerald	85270
1875.06.04_GlasgowHerald_0006	14298	1875.06.04_GlasgowHerald	85270
1875.06.04_GlasgowHerald_0007	12750	1875.06.04_GlasgowHerald	85270
1875.06.04_GlasgowHerald_0008	7937	1875.06.04_GlasgowHerald	85270
1875.06.04_LiverpoolMercuryetc_0001	11080	1875.06.04_LiverpoolMercuryetc	114315
1875.06.04_LiverpoolMercuryetc_0002	12672	1875.06.04_LiverpoolMercuryetc	114315
1875.06.04_LiverpoolMercuryetc_0003	13853	1875.06.04_LiverpoolMercuryetc	114315
1875.06.04_LiverpoolMercuryetc_0004	17593	1875.06.04_LiverpoolMercuryetc	114315
1875.06.04_LiverpoolMercuryetc_0005	16124	1875.06.04_LiverpoolMercuryetc	114315
1875.06.04_LiverpoolMercuryetc_0006	15189	1875.06.04_LiverpoolMercuryetc	114315
1875.06.04_LiverpoolMercuryetc_0007	14402	1875.06.04_LiverpoolMercuryetc	114315
1875.06.04_LiverpoolMercuryetc_0008	13402	1875.06.04_LiverpoolMercuryetc	114315
1875.06.04_NorthernEcho_0001	6033	1875.06.04_NorthernEcho	31280
1875.06.04_NorthernEcho_0002	7905	1875.06.04_NorthernEcho	31280
1875.06.04_NorthernEcho_0003	7944	1875.06.04_NorthernEcho	31280
1875.06.04_NorthernEcho_0004	9398	1875.06.04_NorthernEcho	31280
1875.06.04_TheHullPacketandEastRidingTimes_0001	5762	1875.06.04_TheHullPacketandEastRidingTimes	82286
1875.06.04_TheHullPacketandEastRidingTimes_0002	10516	1875.06.04_TheHullPacketandEastRidingTimes	82286
1875.06.04_TheHullPacketandEastRidingTimes_0003	10794	1875.06.04_TheHullPacketandEastRidingTimes	82286
1875.06.04_TheHullPacketandEastRidingTimes_0004	9034	1875.06.04_TheHullPacketandEastRidingTimes	82286
1875.06.04_TheHullPacketandEastRidingTimes_0005	11634	1875.06.04_TheHullPacketandEastRidingTimes	82286
1875.06.04_TheHullPacketandEastRidingTimes_0006	12257	1875.06.04_TheHullPacketandEastRidingTimes	82286
1875.06.04_TheHullPacketandEastRidingTimes_0007	11550	1875.06.04_TheHullPacketandEastRidingTimes	82286
1875.06.04_TheHullPacketandEastRidingTimes_0008	10739	1875.06.04_TheHullPacketandEastRidingTimes	82286
1875.06.04_ThePallMallGazette_0001	1579	1875.06.04_ThePallMallGazette	39420
1875.06.04_ThePallMallGazette_0002	2027	1875.06.04_ThePallMallGazette	39420
1875.06.04_ThePallMallGazette_0003	2230	1875.06.04_ThePallMallGazette	39420
1875.06.04_ThePallMallGazette_0004	2102	1875.06.04_ThePallMallGazette	39420
1875.06.04_ThePallMallGazette_0005	2687	1875.06.04_ThePallMallGazette	39420
1875.06.04_ThePallMallGazette_0006	2456	1875.06.04_ThePallMallGazette	39420
1875.06.04_ThePallMallGazette_0007	2448	1875.06.04_ThePallMallGazette	39420
1875.06.04_ThePallMallGazette_0008	2229	1875.06.04_ThePallMallGazette	39420
1875.06.04_ThePallMallGazette_0009	3092	1875.06.04_ThePallMallGazette	39420
1875.06.04_ThePallMallGazette_0010	2193	1875.06.04_ThePallMallGazette	39420
1875.06.04_ThePallMallGazette_0011	2175	1875.06.04_ThePallMallGazette	39420
1875.06.04_ThePallMallGazette_0012	2318	1875.06.04_ThePallMallGazette	39420
1875.06.04_ThePallMallGazette_0013	3331	1875.06.04_ThePallMallGazette	39420
1875.06.04_ThePallMallGazette_0014	3235	1875.06.04_ThePallMallGazette	39420
1875.06.04_ThePallMallGazette_0015	3472	1875.06.04_ThePallMallGazette	39420
1875.06.04_ThePallMallGazette_0016	1846	1875.06.04_ThePallMallGazette	39420
1875.06.04_Times_0001	12016	1875.06.04_Times	182211
1875.06.04_Times_0002	13347	1875.06.04_Times	182211
1875.06.04_Times_0003	12978	1875.06.04_Times	182211
1875.06.04_Times_0004	11675	1875.06.04_Times	182211
1875.06.04_Times_0005	11796	1875.06.04_Times	182211
1875.06.04_Times_0006	11958	1875.06.04_Times	182211
1875.06.04_Times_0007	11135	1875.06.04_Times	182211
1875.06.04_Times_0008	10838	1875.06.04_Times	182211
1875.06.04_Times_0009	8561	1875.06.04_Times	182211
1875.06.04_Times_0010	9451	1875.06.04_Times	182211
1875.06.04_Times_0011	6940	1875.06.04_Times	182211
1875.06.04_Times_0012	8643	1875.06.04_Times	182211
1875.06.04_Times_0013	13260	1875.06.04_Times	182211
1875.06.04_Times_0014	13018	1875.06.04_Times	182211
1875.06.04_Times_0015	12606	1875.06.04_Times	182211
1875.06.04_Times_0016	13989	1875.06.04_Times	182211
1875.06.04_WesternMail_0001	7878	1875.06.04_WesternMail	72530
1875.06.04_WesternMail_0002	8516	1875.06.04_WesternMail	72530
1875.06.04_WesternMail_0003	7612	1875.06.04_WesternMail	72530
1875.06.04_WesternMail_0004	8108	1875.06.04_WesternMail	72530
1875.06.04_WesternMail_0005	10434	1875.06.04_WesternMail	72530
1875.06.04_WesternMail_0006	11209	1875.06.04_WesternMail	72530
1875.06.04_WesternMail_0007	10153	1875.06.04_WesternMail	72530
1875.06.04_WesternMail_0008	8620	1875.06.04_WesternMail	72530
1875.06.05_BaneracAmserauCymru_0001	2584	1875.06.05_BaneracAmserauCymru	32596
1875.06.05_BaneracAmserauCymru_0002	3652	1875.06.05_BaneracAmserauCymru	32596
1875.06.05_BaneracAmserauCymru_0003	4359	1875.06.05_BaneracAmserauCymru	32596
1875.06.05_BaneracAmserauCymru_0004	4534	1875.06.05_BaneracAmserauCymru	32596
1875.06.05_BaneracAmserauCymru_0005	4722	1875.06.05_BaneracAmserauCymru	32596
1875.06.05_BaneracAmserauCymru_0006	4129	1875.06.05_BaneracAmserauCymru	32596
1875.06.05_BaneracAmserauCymru_0007	4484	1875.06.05_BaneracAmserauCymru	32596
1875.06.05_BaneracAmserauCymru_0008	4132	1875.06.05_BaneracAmserauCymru	32596
1875.06.05_BirminghamDailyPost_0001	12706	1875.06.05_BirminghamDailyPost	100608
1875.06.05_BirminghamDailyPost_0002	12255	1875.06.05_BirminghamDailyPost	100608
1875.06.05_BirminghamDailyPost_0003	12130	1875.06.05_BirminghamDailyPost	100608
1875.06.05_BirminghamDailyPost_0004	11777	1875.06.05_BirminghamDailyPost	100608
1875.06.05_BirminghamDailyPost_0005	13124	1875.06.05_BirminghamDailyPost	100608
1875.06.05_BirminghamDailyPost_0006	14650	1875.06.05_BirminghamDailyPost	100608
1875.06.05_BirminghamDailyPost_0007	9351	1875.06.05_BirminghamDailyPost	100608
1875.06.05_BirminghamDailyPost_0008	14615	1875.06.05_BirminghamDailyPost	100608
1875.06.05_DailyNews_0001	12072	1875.06.05_DailyNews	97223
1875.06.05_DailyNews_0002	12523	1875.06.05_DailyNews	97223
1875.06.05_DailyNews_0003	14314	1875.06.05_DailyNews	97223
1875.06.05_DailyNews_0004	11352	1875.06.05_DailyNews	97223
1875.06.05_DailyNews_0005	10106	1875.06.05_DailyNews	97223
1875.06.05_DailyNews_0006	14193	1875.06.05_DailyNews	97223
1875.06.05_DailyNews_0007	9501	1875.06.05_DailyNews	97223
1875.06.05_DailyNews_0008	13162	1875.06.05_DailyNews	97223
1875.06.05_Freeman'sJournalandDailyCommercialAdvertiser_0001	8920	1875.06.05_Freeman'sJournalandDailyCommercialAdvertiser	74580
1875.06.05_Freeman'sJournalandDailyCommercialAdvertiser_0002	7761	1875.06.05_Freeman'sJournalandDailyCommercialAdvertiser	74580
1875.06.05_Freeman'sJournalandDailyCommercialAdvertiser_0003	9787	1875.06.05_Freeman'sJournalandDailyCommercialAdvertiser	74580
1875.06.05_Freeman'sJournalandDailyCommercialAdvertiser_0004	7211	1875.06.05_Freeman'sJournalandDailyCommercialAdvertiser	74580
1875.06.05_Freeman'sJournalandDailyCommercialAdvertiser_0005	8899	1875.06.05_Freeman'sJournalandDailyCommercialAdvertiser	74580
1875.06.05_Freeman'sJournalandDailyCommercialAdvertiser_0006	10068	1875.06.05_Freeman'sJournalandDailyCommercialAdvertiser	74580
1875.06.05_Freeman'sJournalandDailyCommercialAdvertiser_0007	10536	1875.06.05_Freeman'sJournalandDailyCommercialAdvertiser	74580
1875.06.05_Freeman'sJournalandDailyCommercialAdvertiser_0008	11398	1875.06.05_Freeman'sJournalandDailyCommercialAdvertiser	74580
1875.06.05_GlasgowHerald_0001	7132	1875.06.05_GlasgowHerald	79657
1875.06.05_GlasgowHerald_0002	7421	1875.06.05_GlasgowHerald	79657
1875.06.05_GlasgowHerald_0003	8838	1875.06.05_GlasgowHerald	79657
1875.06.05_GlasgowHerald_0004	10699	1875.06.05_GlasgowHerald	79657
1875.06.05_GlasgowHerald_0005	12178	1875.06.05_GlasgowHerald	79657
1875.06.05_GlasgowHerald_0006	12041	1875.06.05_GlasgowHerald	79657
1875.06.05_GlasgowHerald_0007	12196	1875.06.05_GlasgowHerald	79657
1875.06.05_GlasgowHerald_0008	9152	1875.06.05_GlasgowHerald	79657
1875.06.05_HampshireTelegraphandSussexChronicleetc_0001	10935	1875.06.05_HampshireTelegraphandSussexChronicleetc	102803
1875.06.05_HampshireTelegraphandSussexChronicleetc_0002	10985	1875.06.05_HampshireTelegraphandSussexChronicleetc	102803
1875.06.05_HampshireTelegraphandSussexChronicleetc_0003	13747	1875.06.05_HampshireTelegraphandSussexChronicleetc	102803
1875.06.05_HampshireTelegraphandSussexChronicleetc_0004	7356	1875.06.05_HampshireTelegraphandSussexChronicleetc	102803
1875.06.05_HampshireTelegraphandSussexChronicleetc_0005	15455	1875.06.05_HampshireTelegraphandSussexChronicleetc	102803
1875.06.05_HampshireTelegraphandSussexChronicleetc_0006	11634	1875.06.05_HampshireTelegraphandSussexChronicleetc	102803
1875.06.05_HampshireTelegraphandSussexChronicleetc_0007	16228	1875.06.05_HampshireTelegraphandSussexChronicleetc	102803
1875.06.05_HampshireTelegraphandSussexChronicleetc_0008	16463	1875.06.05_HampshireTelegraphandSussexChronicleetc	102803
1875.06.05_Jackson'sOxfordJournal_0001	3311	1875.06.05_Jackson'sOxfordJournal	71607
1875.06.05_Jackson'sOxfordJournal_0002	6306	1875.06.05_Jackson'sOxfordJournal	71607
1875.06.05_Jackson'sOxfordJournal_0003	6817	1875.06.05_Jackson'sOxfordJournal	71607
1875.06.05_Jackson'sOxfordJournal_0004	9295	1875.06.05_Jackson'sOxfordJournal	71607
1875.06.05_Jackson'sOxfordJournal_0005	9777	1875.06.05_Jackson'sOxfordJournal	71607
1875.06.05_Jackson'sOxfordJournal_0006	12432	1875.06.05_Jackson'sOxfordJournal	71607
1875.06.05_Jackson'sOxfordJournal_0007	11130	1875.06.05_Jackson'sOxfordJournal	71607
1875.06.05_Jackson'sOxfordJournal_0008	12539	1875.06.05_Jackson'sOxfordJournal	71607
1875.06.05_LiverpoolMercuryetc_0001	10305	1875.06.05_LiverpoolMercuryetc	97811
1875.06.05_LiverpoolMercuryetc_0002	14310	1875.06.05_LiverpoolMercuryetc	97811
1875.06.05_LiverpoolMercuryetc_0003	13142	1875.06.05_LiverpoolMercuryetc	97811
1875.06.05_LiverpoolMercuryetc_0004	9442	1875.06.05_LiverpoolMercuryetc	97811
1875.06.05_LiverpoolMercuryetc_0005	10740	1875.06.05_LiverpoolMercuryetc	97811
1875.06.05_LiverpoolMercuryetc_0006	12956	1875.06.05_LiverpoolMercuryetc	97811
1875.06.05_LiverpoolMercuryetc_0007	13555	1875.06.05_LiverpoolMercuryetc	97811
1875.06.05_LiverpoolMercuryetc_0008	13361	1875.06.05_LiverpoolMercuryetc	97811
1875.06.05_ManchesterTimes_0001	7496	1875.06.05_ManchesterTimes	84799
1875.06.05_ManchesterTimes_0002	10845	1875.06.05_ManchesterTimes	84799
1875.06.05_ManchesterTimes_0003	11886	1875.06.05_ManchesterTimes	84799
1875.06.05_ManchesterTimes_0004	9773	1875.06.05_ManchesterTimes	84799
1875.06.05_ManchesterTimes_0005	11108	1875.06.05_ManchesterTimes	84799
1875.06.05_ManchesterTimes_0006	12325	1875.06.05_ManchesterTimes	84799
1875.06.05_ManchesterTimes_0007	11389	1875.06.05_ManchesterTimes	84799
1875.06.05_ManchesterTimes_0008	9977	1875.06.05_ManchesterTimes	84799
1875.06.05_NorthernEcho_0001	7055	1875.06.05_NorthernEcho	33350
1875.06.05_NorthernEcho_0002	8284	1875.06.05_NorthernEcho	33350
1875.06.05_NorthernEcho_0003	8067	1875.06.05_NorthernEcho	33350
1875.06.05_NorthernEcho_0004	9944	1875.06.05_NorthernEcho	33350
1875.06.05_NorthWalesChronicle_0001	5770	1875.06.05_NorthWalesChronicle	82686
1875.06.05_NorthWalesChronicle_0002	9308	1875.06.05_NorthWalesChronicle	82686
1875.06.05_NorthWalesChronicle_0003	14826	1875.06.05_NorthWalesChronicle	82686
1875.06.05_NorthWalesChronicle_0004	8598	1875.06.05_NorthWalesChronicle	82686
1875.06.05_NorthWalesChronicle_0005	11962	1875.06.05_NorthWalesChronicle	82686
1875.06.05_NorthWalesChronicle_0006	12460	1875.06.05_NorthWalesChronicle	82686
1875.06.05_NorthWalesChronicle_0007	12894	1875.06.05_NorthWalesChronicle	82686
1875.06.05_NorthWalesChronicle_0008	6868	1875.06.05_NorthWalesChronicle	82686
1875.06.05_TheBristolMercury_0001	13162	1875.06.05_TheBristolMercury	117082
1875.06.05_TheBristolMercury_0002	11144	1875.06.05_TheBristolMercury	117082
1875.06.05_TheBristolMercury_0003	17075	1875.06.05_TheBristolMercury	117082
1875.06.05_TheBristolMercury_0004	15369	1875.06.05_TheBristolMercury	117082
1875.06.05_TheBristolMercury_0005	13094	1875.06.05_TheBristolMercury	117082
1875.06.05_TheBristolMercury_0006	18293	1875.06.05_TheBristolMercury	117082
1875.06.05_TheBristolMercury_0007	11904	1875.06.05_TheBristolMercury	117082
1875.06.05_TheBristolMercury_0008	17041	1875.06.05_TheBristolMercury	117082
1875.06.05_TheExaminer_0001	1194	1875.06.05_TheExaminer	43000
1875.06.05_TheExaminer_0002	1416	1875.06.05_TheExaminer	43000
1875.06.05_TheExaminer_0003	1398	1875.06.05_TheExaminer	43000
1875.06.05_TheExaminer_0004	1280	1875.06.05_TheExaminer	43000
1875.06.05_TheExaminer_0005	1415	1875.06.05_TheExaminer	43000
1875.06.05_TheExaminer_0006	1483	1875.06.05_TheExaminer	43000
1875.06.05_TheExaminer_0007	1411	1875.06.05_TheExaminer	43000
1875.06.05_TheExaminer_0008	1449	1875.06.05_TheExaminer	43000
1875.06.05_TheExaminer_0009	1713	1875.06.05_TheExaminer	43000
1875.06.05_TheExaminer_0010	1845	1875.06.05_TheExaminer	43000
1875.06.05_TheExaminer_0011	1747	1875.06.05_TheExaminer	43000
1875.06.05_TheExaminer_0012	1840	1875.06.05_TheExaminer	43000
1875.06.05_TheExaminer_0013	1729	1875.06.05_TheExaminer	43000
1875.06.05_TheExaminer_0014	1439	1875.06.05_TheExaminer	43000
1875.06.05_TheExaminer_0015	1433	1875.06.05_TheExaminer	43000
1875.06.05_TheExaminer_0016	1424	1875.06.05_TheExaminer	43000
1875.06.05_TheExaminer_0017	1424	1875.06.05_TheExaminer	43000
1875.06.05_TheExaminer_0018	1413	1875.06.05_TheExaminer	43000
1875.06.05_TheExaminer_0019	1627	1875.06.05_TheExaminer	43000
1875.06.05_TheExaminer_0020	1876	1875.06.05_TheExaminer	43000
1875.06.05_TheExaminer_0021	1837	1875.06.05_TheExaminer	43000
1875.06.05_TheExaminer_0022	1752	1875.06.05_TheExaminer	43000
1875.06.05_TheExaminer_0023	1722	1875.06.05_TheExaminer	43000
1875.06.05_TheExaminer_0024	1351	1875.06.05_TheExaminer	43000
1875.06.05_TheExaminer_0025	1579	1875.06.05_TheExaminer	43000
1875.06.05_TheExaminer_0026	1980	1875.06.05_TheExaminer	43000
1875.06.05_TheExaminer_0027	884	1875.06.05_TheExaminer	43000
1875.06.05_TheExaminer_0028	1339	1875.06.05_TheExaminer	43000
1875.06.05_TheGraphic_0001	60	1875.06.05_TheGraphic	46746
1875.06.05_TheGraphic_0002	2599	1875.06.05_TheGraphic	46746
1875.06.05_TheGraphic_0003	3082	1875.06.05_TheGraphic	46746
1875.06.05_TheGraphic_0004	32	1875.06.05_TheGraphic	46746
1875.06.05_TheGraphic_0005	8	1875.06.05_TheGraphic	46746
1875.06.05_TheGraphic_0006	3667	1875.06.05_TheGraphic	46746
1875.06.05_TheGraphic_0007	3590	1875.06.05_TheGraphic	46746
1875.06.05_TheGraphic_0008	11	1875.06.05_TheGraphic	46746
1875.06.05_TheGraphic_0009	12	1875.06.05_TheGraphic	46746
1875.06.05_TheGraphic_0010	3392	1875.06.05_TheGraphic	46746
1875.06.05_TheGraphic_0011	3530	1875.06.05_TheGraphic	46746
1875.06.05_TheGraphic_0012	6	1875.06.05_TheGraphic	46746
1875.06.05_TheGraphic_0013	1020	1875.06.05_TheGraphic	46746
1875.06.05_TheGraphic_0014	3750	1875.06.05_TheGraphic	46746
1875.06.05_TheGraphic_0015	3574	1875.06.05_TheGraphic	46746
1875.06.05_TheGraphic_0016	4	1875.06.05_TheGraphic	46746
1875.06.05_TheGraphic_0017	3688	1875.06.05_TheGraphic	46746
1875.06.05_TheGraphic_0018	3694	1875.06.05_TheGraphic	46746
1875.06.05_TheGraphic_0019	13	1875.06.05_TheGraphic	46746
1875.06.05_TheGraphic_0020	37	1875.06.05_TheGraphic	46746
1875.06.05_TheGraphic_0021	3319	1875.06.05_TheGraphic	46746
1875.06.05_TheGraphic_0022	3886	1875.06.05_TheGraphic	46746
1875.06.05_TheGraphic_0023	3772	1875.06.05_TheGraphic	46746
1875.06.05_TheIpswichJournal_0001	2773	1875.06.05_TheIpswichJournal	58708
1875.06.05_TheIpswichJournal_0002	6846	1875.06.05_TheIpswichJournal	58708
1875.06.05_TheIpswichJournal_0003	7217	1875.06.05_TheIpswichJournal	58708
1875.06.05_TheIpswichJournal_0004	2844	1875.06.05_TheIpswichJournal	58708
1875.06.05_TheIpswichJournal_0005	10555	1875.06.05_TheIpswichJournal	58708
1875.06.05_TheIpswichJournal_0006	6552	1875.06.05_TheIpswichJournal	58708
1875.06.05_TheIpswichJournal_0007	10812	1875.06.05_TheIpswichJournal	58708
1875.06.05_TheIpswichJournal_0008	11109	1875.06.05_TheIpswichJournal	58708
1875.06.05_ThePallMallGazette_0001	1523	1875.06.05_ThePallMallGazette	39648
1875.06.05_ThePallMallGazette_0002	2044	1875.06.05_ThePallMallGazette	39648
1875.06.05_ThePallMallGazette_0003	2243	1875.06.05_ThePallMallGazette	39648
1875.06.05_ThePallMallGazette_0004	2219	1875.06.05_ThePallMallGazette	39648
1875.06.05_ThePallMallGazette_0005	3011	1875.06.05_ThePallMallGazette	39648
1875.06.05_ThePallMallGazette_0006	2393	1875.06.05_ThePallMallGazette	39648
1875.06.05_ThePallMallGazette_0007	2739	1875.06.05_ThePallMallGazette	39648
1875.06.05_ThePallMallGazette_0008	2361	1875.06.05_ThePallMallGazette	39648
1875.06.05_ThePallMallGazette_0009	2967	1875.06.05_ThePallMallGazette	39648
1875.06.05_ThePallMallGazette_0010	2153	1875.06.05_ThePallMallGazette	39648
1875.06.05_ThePallMallGazette_0011	2126	1875.06.05_ThePallMallGazette	39648
1875.06.05_ThePallMallGazette_0012	2266	1875.06.05_ThePallMallGazette	39648
1875.06.05_ThePallMallGazette_0013	2735	1875.06.05_ThePallMallGazette	39648
1875.06.05_ThePallMallGazette_0014	3204	1875.06.05_ThePallMallGazette	39648
1875.06.05_ThePallMallGazette_0015	2542	1875.06.05_ThePallMallGazette	39648
1875.06.05_ThePallMallGazette_0016	3122	1875.06.05_ThePallMallGazette	39648
1875.06.05_Times_0001	12349	1875.06.05_Times	256847
1875.06.05_Times_0002	12992	1875.06.05_Times	256847
1875.06.05_Times_0003	12771	1875.06.05_Times	256847
1875.06.05_Times_0004	13985	1875.06.05_Times	256847
1875.06.05_Times_0005	16934	1875.06.05_Times	256847
1875.06.05_Times_0006	5190	1875.06.05_Times	256847
1875.06.05_Times_0007	9680	1875.06.05_Times	256847
1875.06.05_Times_0008	17027	1875.06.05_Times	256847
1875.06.05_Times_0009	7587	1875.06.05_Times	256847
1875.06.05_Times_0010	11811	1875.06.05_Times	256847
1875.06.05_Times_0011	8504	1875.06.05_Times	256847
1875.06.05_Times_0012	10314	1875.06.05_Times	256847
1875.06.05_Times_0013	11417	1875.06.05_Times	256847
1875.06.05_Times_0014	11295	1875.06.05_Times	256847
1875.06.05_Times_0015	15271	1875.06.05_Times	256847
1875.06.05_Times_0016	16119	1875.06.05_Times	256847
1875.06.05_Times_0017	16094	1875.06.05_Times	256847
1875.06.05_Times_0018	16040	1875.06.05_Times	256847
1875.06.05_Times_0019	16526	1875.06.05_Times	256847
1875.06.05_Times_0020	14941	1875.06.05_Times	256847
1875.06.05_WesternMail_0001	9731	1875.06.05_WesternMail	83134
1875.06.05_WesternMail_0002	9578	1875.06.05_WesternMail	83134
1875.06.05_WesternMail_0003	9476	1875.06.05_WesternMail	83134
1875.06.05_WesternMail_0004	9402	1875.06.05_WesternMail	83134
1875.06.05_WesternMail_0005	10926	1875.06.05_WesternMail	83134
1875.06.05_WesternMail_0006	13233	1875.06.05_WesternMail	83134
1875.06.05_WesternMail_0007	10979	1875.06.05_WesternMail	83134
1875.06.05_WesternMail_0008	9809	1875.06.05_WesternMail	83134
1875.06.05_YGoleuad_0001	999	1875.06.05_YGoleuad	41036
1875.06.05_YGoleuad_0002	2478	1875.06.05_YGoleuad	41036
1875.06.05_YGoleuad_0003	2173	1875.06.05_YGoleuad	41036
1875.06.05_YGoleuad_0004	3016	1875.06.05_YGoleuad	41036
1875.06.05_YGoleuad_0005	2886	1875.06.05_YGoleuad	41036
1875.06.05_YGoleuad_0006	3209	1875.06.05_YGoleuad	41036
1875.06.05_YGoleuad_0007	3206	1875.06.05_YGoleuad	41036
1875.06.05_YGoleuad_0008	2282	1875.06.05_YGoleuad	41036
1875.06.05_YGoleuad_0009	2332	1875.06.05_YGoleuad	41036
1875.06.05_YGoleuad_0010	2150	1875.06.05_YGoleuad	41036
1875.06.05_YGoleuad_0011	3378	1875.06.05_YGoleuad	41036
1875.06.05_YGoleuad_0012	3040	1875.06.05_YGoleuad	41036
1875.06.05_YGoleuad_0013	3036	1875.06.05_YGoleuad	41036
1875.06.05_YGoleuad_0014	2755	1875.06.05_YGoleuad	41036
1875.06.05_YGoleuad_0015	2785	1875.06.05_YGoleuad	41036
1875.06.05_YGoleuad_0016	1311	1875.06.05_YGoleuad	41036
1875.06.06_Lloyd'sWeeklyNewspaper_0001	5579	1875.06.06_Lloyd'sWeeklyNewspaper	79820
1875.06.06_Lloyd'sWeeklyNewspaper_0002	7916	1875.06.06_Lloyd'sWeeklyNewspaper	79820
1875.06.06_Lloyd'sWeeklyNewspaper_0003	7988	1875.06.06_Lloyd'sWeeklyNewspaper	79820
1875.06.06_Lloyd'sWeeklyNewspaper_0004	7834	1875.06.06_Lloyd'sWeeklyNewspaper	79820
1875.06.06_Lloyd'sWeeklyNewspaper_0005	7611	1875.06.06_Lloyd'sWeeklyNewspaper	79820
1875.06.06_Lloyd'sWeeklyNewspaper_0006	5582	1875.06.06_Lloyd'sWeeklyNewspaper	79820
1875.06.06_Lloyd'sWeeklyNewspaper_0007	7219	1875.06.06_Lloyd'sWeeklyNewspaper	79820
1875.06.06_Lloyd'sWeeklyNewspaper_0008	5312	1875.06.06_Lloyd'sWeeklyNewspaper	79820
1875.06.06_Lloyd'sWeeklyNewspaper_0009	4369	1875.06.06_Lloyd'sWeeklyNewspaper	79820
1875.06.06_Lloyd'sWeeklyNewspaper_0010	5458	1875.06.06_Lloyd'sWeeklyNewspaper	79820
1875.06.06_Lloyd'sWeeklyNewspaper_0011	7416	1875.06.06_Lloyd'sWeeklyNewspaper	79820
1875.06.06_Lloyd'sWeeklyNewspaper_0012	7536	1875.06.06_Lloyd'sWeeklyNewspaper	79820
1875.06.06_Reynolds'sNewspaper_0001	9404	1875.06.06_Reynolds'sNewspaper	79576
1875.06.06_Reynolds'sNewspaper_0002	9197	1875.06.06_Reynolds'sNewspaper	79576
1875.06.06_Reynolds'sNewspaper_0003	11293	1875.06.06_Reynolds'sNewspaper	79576
1875.06.06_Reynolds'sNewspaper_0004	10768	1875.06.06_Reynolds'sNewspaper	79576
1875.06.06_Reynolds'sNewspaper_0005	10176	1875.06.06_Reynolds'sNewspaper	79576
1875.06.06_Reynolds'sNewspaper_0006	10829	1875.06.06_Reynolds'sNewspaper	79576
1875.06.06_Reynolds'sNewspaper_0007	7601	1875.06.06_Reynolds'sNewspaper	79576
1875.06.06_Reynolds'sNewspaper_0008	10308	1875.06.06_Reynolds'sNewspaper	79576
1875.06.06_TheEra_0001	3447	1875.06.06_TheEra	96992
1875.06.06_TheEra_0002	5666	1875.06.06_TheEra	96992
1875.06.06_TheEra_0003	7776	1875.06.06_TheEra	96992
1875.06.06_TheEra_0004	6465	1875.06.06_TheEra	96992
1875.06.06_TheEra_0005	6879	1875.06.06_TheEra	96992
1875.06.06_TheEra_0006	7134	1875.06.06_TheEra	96992
1875.06.06_TheEra_0007	8261	1875.06.06_TheEra	96992
1875.06.06_TheEra_0008	6126	1875.06.06_TheEra	96992
1875.06.06_TheEra_0009	6500	1875.06.06_TheEra	96992
1875.06.06_TheEra_0010	6560	1875.06.06_TheEra	96992
1875.06.06_TheEra_0011	6749	1875.06.06_TheEra	96992
1875.06.06_TheEra_0012	4856	1875.06.06_TheEra	96992
1875.06.06_TheEra_0013	5138	1875.06.06_TheEra	96992
1875.06.06_TheEra_0014	5304	1875.06.06_TheEra	96992
1875.06.06_TheEra_0015	5113	1875.06.06_TheEra	96992
1875.06.06_TheEra_0016	5018	1875.06.06_TheEra	96992
1875.06.07_BirminghamDailyPost_0001	11229	1875.06.07_BirminghamDailyPost	87718
1875.06.07_BirminghamDailyPost_0002	11020	1875.06.07_BirminghamDailyPost	87718
1875.06.07_BirminghamDailyPost_0003	10624	1875.06.07_BirminghamDailyPost	87718
1875.06.07_BirminghamDailyPost_0004	8808	1875.06.07_BirminghamDailyPost	87718
1875.06.07_BirminghamDailyPost_0005	10528	1875.06.07_BirminghamDailyPost	87718
1875.06.07_BirminghamDailyPost_0006	12043	1875.06.07_BirminghamDailyPost	87718
1875.06.07_BirminghamDailyPost_0007	11566	1875.06.07_BirminghamDailyPost	87718
1875.06.07_BirminghamDailyPost_0008	11900	1875.06.07_BirminghamDailyPost	87718
1875.06.07_DailyNews_0001	12670	1875.06.07_DailyNews	96050
1875.06.07_DailyNews_0002	14184	1875.06.07_DailyNews	96050
1875.06.07_DailyNews_0003	13609	1875.06.07_DailyNews	96050
1875.06.07_DailyNews_0004	9685	1875.06.07_DailyNews	96050
1875.06.07_DailyNews_0005	10303	1875.06.07_DailyNews	96050
1875.06.07_DailyNews_0006	10435	1875.06.07_DailyNews	96050
1875.06.07_DailyNews_0007	9958	1875.06.07_DailyNews	96050
1875.06.07_DailyNews_0008	15206	1875.06.07_DailyNews	96050
1875.06.07_Freeman'sJournalandDailyCommercialAdvertiser_0001	7352	1875.06.07_Freeman'sJournalandDailyCommercialAdvertiser	68151
1875.06.07_Freeman'sJournalandDailyCommercialAdvertiser_0002	9649	1875.06.07_Freeman'sJournalandDailyCommercialAdvertiser	68151
1875.06.07_Freeman'sJournalandDailyCommercialAdvertiser_0003	9516	1875.06.07_Freeman'sJournalandDailyCommercialAdvertiser	68151
1875.06.07_Freeman'sJournalandDailyCommercialAdvertiser_0004	5980	1875.06.07_Freeman'sJournalandDailyCommercialAdvertiser	68151
1875.06.07_Freeman'sJournalandDailyCommercialAdvertiser_0005	7592	1875.06.07_Freeman'sJournalandDailyCommercialAdvertiser	68151
1875.06.07_Freeman'sJournalandDailyCommercialAdvertiser_0006	8940	1875.06.07_Freeman'sJournalandDailyCommercialAdvertiser	68151
1875.06.07_Freeman'sJournalandDailyCommercialAdvertiser_0007	10409	1875.06.07_Freeman'sJournalandDailyCommercialAdvertiser	68151
1875.06.07_Freeman'sJournalandDailyCommercialAdvertiser_0008	8713	1875.06.07_Freeman'sJournalandDailyCommercialAdvertiser	68151
1875.06.07_GlasgowHerald_0001	9783	1875.06.07_GlasgowHerald	97142
1875.06.07_GlasgowHerald_0002	11123	1875.06.07_GlasgowHerald	97142
1875.06.07_GlasgowHerald_0003	11374	1875.06.07_GlasgowHerald	97142
1875.06.07_GlasgowHerald_0004	13512	1875.06.07_GlasgowHerald	97142
1875.06.07_GlasgowHerald_0005	14204	1875.06.07_GlasgowHerald	97142
1875.06.07_GlasgowHerald_0006	14065	1875.06.07_GlasgowHerald	97142
1875.06.07_GlasgowHerald_0007	12031	1875.06.07_GlasgowHerald	97142
1875.06.07_GlasgowHerald_0008	11050	1875.06.07_GlasgowHerald	97142
1875.06.07_LiverpoolMercuryetc_0001	11602	1875.06.07_LiverpoolMercuryetc	106372
1875.06.07_LiverpoolMercuryetc_0002	14241	1875.06.07_LiverpoolMercuryetc	106372
1875.06.07_LiverpoolMercuryetc_0003	14130	1875.06.07_LiverpoolMercuryetc	106372
1875.06.07_LiverpoolMercuryetc_0004	12703	1875.06.07_LiverpoolMercuryetc	106372
1875.06.07_LiverpoolMercuryetc_0005	14270	1875.06.07_LiverpoolMercuryetc	106372
1875.06.07_LiverpoolMercuryetc_0006	13820	1875.06.07_LiverpoolMercuryetc	106372
1875.06.07_LiverpoolMercuryetc_0007	14109	1875.06.07_LiverpoolMercuryetc	106372
1875.06.07_LiverpoolMercuryetc_0008	11497	1875.06.07_LiverpoolMercuryetc	106372
1875.06.07_NorthernEcho_0001	6921	1875.06.07_NorthernEcho	32891
1875.06.07_NorthernEcho_0002	7987	1875.06.07_NorthernEcho	32891
1875.06.07_NorthernEcho_0003	8550	1875.06.07_NorthernEcho	32891
1875.06.07_NorthernEcho_0004	9433	1875.06.07_NorthernEcho	32891
1875.06.07_ThePallMallGazette_0001	1674	1875.06.07_ThePallMallGazette	40242
1875.06.07_ThePallMallGazette_0002	2173	1875.06.07_ThePallMallGazette	40242
1875.06.07_ThePallMallGazette_0003	2710	1875.06.07_ThePallMallGazette	40242
1875.06.07_ThePallMallGazette_0004	2151	1875.06.07_ThePallMallGazette	40242
1875.06.07_ThePallMallGazette_0005	2213	1875.06.07_ThePallMallGazette	40242
1875.06.07_ThePallMallGazette_0006	2313	1875.06.07_ThePallMallGazette	40242
1875.06.07_ThePallMallGazette_0007	2723	1875.06.07_ThePallMallGazette	40242
1875.06.07_ThePallMallGazette_0008	2168	1875.06.07_ThePallMallGazette	40242
1875.06.07_ThePallMallGazette_0009	3040	1875.06.07_ThePallMallGazette	40242
1875.06.07_ThePallMallGazette_0010	2271	1875.06.07_ThePallMallGazette	40242
1875.06.07_ThePallMallGazette_0011	2281	1875.06.07_ThePallMallGazette	40242
1875.06.07_ThePallMallGazette_0012	2246	1875.06.07_ThePallMallGazette	40242
1875.06.07_ThePallMallGazette_0013	3310	1875.06.07_ThePallMallGazette	40242
1875.06.07_ThePallMallGazette_0014	3127	1875.06.07_ThePallMallGazette	40242
1875.06.07_ThePallMallGazette_0015	3444	1875.06.07_ThePallMallGazette	40242
1875.06.07_ThePallMallGazette_0016	2398	1875.06.07_ThePallMallGazette	40242
1875.06.07_Times_0001	11593	1875.06.07_Times	238072
1875.06.07_Times_0002	12891	1875.06.07_Times	238072
1875.06.07_Times_0003	12346	1875.06.07_Times	238072
1875.06.07_Times_0004	13219	1875.06.07_Times	238072
1875.06.07_Times_0005	14166	1875.06.07_Times	238072
1875.06.07_Times_0006	5463	1875.06.07_Times	238072
1875.06.07_Times_0007	8477	1875.06.07_Times	238072
1875.06.07_Times_0008	11952	1875.06.07_Times	238072
1875.06.07_Times_0009	11009	1875.06.07_Times	238072
1875.06.07_Times_0010	10845	1875.06.07_Times	238072
1875.06.07_Times_0011	8247	1875.06.07_Times	238072
1875.06.07_Times_0012	9910	1875.06.07_Times	238072
1875.06.07_Times_0013	11176	1875.06.07_Times	238072
1875.06.07_Times_0014	12095	1875.06.07_Times	238072
1875.06.07_Times_0015	14388	1875.06.07_Times	238072
1875.06.07_Times_0016	13586	1875.06.07_Times	238072
1875.06.07_Times_0017	12977	1875.06.07_Times	238072
1875.06.07_Times_0018	13785	1875.06.07_Times	238072
1875.06.07_Times_0019	15697	1875.06.07_Times	238072
1875.06.07_Times_0020	14250	1875.06.07_Times	238072
1875.06.07_WesternMail_0001	10251	1875.06.07_WesternMail	83299
1875.06.07_WesternMail_0002	9498	1875.06.07_WesternMail	83299
1875.06.07_WesternMail_0003	8951	1875.06.07_WesternMail	83299
1875.06.07_WesternMail_0004	7886	1875.06.07_WesternMail	83299
1875.06.07_WesternMail_0005	11294	1875.06.07_WesternMail	83299
1875.06.07_WesternMail_0006	12502	1875.06.07_WesternMail	83299
1875.06.07_WesternMail_0007	11893	1875.06.07_WesternMail	83299
1875.06.07_WesternMail_0008	11024	1875.06.07_WesternMail	83299
1875.06.08_BirminghamDailyPost_0001	11024	1875.06.08_BirminghamDailyPost	86811
1875.06.08_BirminghamDailyPost_0002	9963	1875.06.08_BirminghamDailyPost	86811
1875.06.08_BirminghamDailyPost_0003	9215	1875.06.08_BirminghamDailyPost	86811
1875.06.08_BirminghamDailyPost_0004	8842	1875.06.08_BirminghamDailyPost	86811
1875.06.08_BirminghamDailyPost_0005	11169	1875.06.08_BirminghamDailyPost	86811
1875.06.08_BirminghamDailyPost_0006	12762	1875.06.08_BirminghamDailyPost	86811
1875.06.08_BirminghamDailyPost_0007	11709	1875.06.08_BirminghamDailyPost	86811
1875.06.08_BirminghamDailyPost_0008	12127	1875.06.08_BirminghamDailyPost	86811
1875.06.08_DailyNews_0001	10299	1875.06.08_DailyNews	85825
1875.06.08_DailyNews_0002	12484	1875.06.08_DailyNews	85825
1875.06.08_DailyNews_0003	12658	1875.06.08_DailyNews	85825
1875.06.08_DailyNews_0004	10045	1875.06.08_DailyNews	85825
1875.06.08_DailyNews_0005	8985	1875.06.08_DailyNews	85825
1875.06.08_DailyNews_0006	11957	1875.06.08_DailyNews	85825
1875.06.08_DailyNews_0007	9098	1875.06.08_DailyNews	85825
1875.06.08_DailyNews_0008	10299	1875.06.08_DailyNews	85825
1875.06.08_Freeman'sJournalandDailyCommercialAdvertiser_0001	8220	1875.06.08_Freeman'sJournalandDailyCommercialAdvertiser	69120
1875.06.08_Freeman'sJournalandDailyCommercialAdvertiser_0002	10808	1875.06.08_Freeman'sJournalandDailyCommercialAdvertiser	69120
1875.06.08_Freeman'sJournalandDailyCommercialAdvertiser_0003	9466	1875.06.08_Freeman'sJournalandDailyCommercialAdvertiser	69120
1875.06.08_Freeman'sJournalandDailyCommercialAdvertiser_0004	5742	1875.06.08_Freeman'sJournalandDailyCommercialAdvertiser	69120
1875.06.08_Freeman'sJournalandDailyCommercialAdvertiser_0005	7740	1875.06.08_Freeman'sJournalandDailyCommercialAdvertiser	69120
1875.06.08_Freeman'sJournalandDailyCommercialAdvertiser_0006	8947	1875.06.08_Freeman'sJournalandDailyCommercialAdvertiser	69120
1875.06.08_Freeman'sJournalandDailyCommercialAdvertiser_0007	9196	1875.06.08_Freeman'sJournalandDailyCommercialAdvertiser	69120
1875.06.08_Freeman'sJournalandDailyCommercialAdvertiser_0008	9001	1875.06.08_Freeman'sJournalandDailyCommercialAdvertiser	69120
1875.06.08_GlasgowHerald_0001	8832	1875.06.08_GlasgowHerald	88217
1875.06.08_GlasgowHerald_0002	9645	1875.06.08_GlasgowHerald	88217
1875.06.08_GlasgowHerald_0003	12408	1875.06.08_GlasgowHerald	88217
1875.06.08_GlasgowHerald_0004	10840	1875.06.08_GlasgowHerald	88217
1875.06.08_GlasgowHerald_0005	12578	1875.06.08_GlasgowHerald	88217
1875.06.08_GlasgowHerald_0006	11936	1875.06.08_GlasgowHerald	88217
1875.06.08_GlasgowHerald_0007	13083	1875.06.08_GlasgowHerald	88217
1875.06.08_GlasgowHerald_0008	8895	1875.06.08_GlasgowHerald	88217
1875.06.08_LiverpoolMercuryetc_0001	11049	1875.06.08_LiverpoolMercuryetc	107758
1875.06.08_LiverpoolMercuryetc_0002	13762	1875.06.08_LiverpoolMercuryetc	107758
1875.06.08_LiverpoolMercuryetc_0003	15275	1875.06.08_LiverpoolMercuryetc	107758
1875.06.08_LiverpoolMercuryetc_0004	14074	1875.06.08_LiverpoolMercuryetc	107758
1875.06.08_LiverpoolMercuryetc_0005	12804	1875.06.08_LiverpoolMercuryetc	107758
1875.06.08_LiverpoolMercuryetc_0006	12858	1875.06.08_LiverpoolMercuryetc	107758
1875.06.08_LiverpoolMercuryetc_0007	14094	1875.06.08_LiverpoolMercuryetc	107758
1875.06.08_LiverpoolMercuryetc_0008	13842	1875.06.08_LiverpoolMercuryetc	107758
1875.06.08_NorthernEcho_0001	6904	1875.06.08_NorthernEcho	33292
1875.06.08_NorthernEcho_0002	8492	1875.06.08_NorthernEcho	33292
1875.06.08_NorthernEcho_0003	8387	1875.06.08_NorthernEcho	33292
1875.06.08_NorthernEcho_0004	9509	1875.06.08_NorthernEcho	33292
1875.06.08_TheIpswichJournal_0001	5445	1875.06.08_TheIpswichJournal	32733
1875.06.08_TheIpswichJournal_0002	7796	1875.06.08_TheIpswichJournal	32733
1875.06.08_TheIpswichJournal_0003	9875	1875.06.08_TheIpswichJournal	32733
1875.06.08_TheIpswichJournal_0004	9617	1875.06.08_TheIpswichJournal	32733
1875.06.08_ThePallMallGazette_0001	1612	1875.06.08_ThePallMallGazette	38822
1875.06.08_ThePallMallGazette_0002	2035	1875.06.08_ThePallMallGazette	38822
1875.06.08_ThePallMallGazette_0003	2702	1875.06.08_ThePallMallGazette	38822
1875.06.08_ThePallMallGazette_0004	2157	1875.06.08_ThePallMallGazette	38822
1875.06.08_ThePallMallGazette_0005	2091	1875.06.08_ThePallMallGazette	38822
1875.06.08_ThePallMallGazette_0006	2438	1875.06.08_ThePallMallGazette	38822
1875.06.08_ThePallMallGazette_0007	2748	1875.06.08_ThePallMallGazette	38822
1875.06.08_ThePallMallGazette_0008	2250	1875.06.08_ThePallMallGazette	38822
1875.06.08_ThePallMallGazette_0009	2963	1875.06.08_ThePallMallGazette	38822
1875.06.08_ThePallMallGazette_0010	2138	1875.06.08_ThePallMallGazette	38822
1875.06.08_ThePallMallGazette_0011	2214	1875.06.08_ThePallMallGazette	38822
1875.06.08_ThePallMallGazette_0012	2149	1875.06.08_ThePallMallGazette	38822
1875.06.08_ThePallMallGazette_0013	3432	1875.06.08_ThePallMallGazette	38822
1875.06.08_ThePallMallGazette_0014	3099	1875.06.08_ThePallMallGazette	38822
1875.06.08_ThePallMallGazette_0015	2799	1875.06.08_ThePallMallGazette	38822
1875.06.08_ThePallMallGazette_0016	1995	1875.06.08_ThePallMallGazette	38822
1875.06.08_Times_0001	12690	1875.06.08_Times	182545
1875.06.08_Times_0002	13045	1875.06.08_Times	182545
1875.06.08_Times_0003	12132	1875.06.08_Times	182545
1875.06.08_Times_0004	5726	1875.06.08_Times	182545
1875.06.08_Times_0005	9235	1875.06.08_Times	182545
1875.06.08_Times_0006	21521	1875.06.08_Times	182545
1875.06.08_Times_0007	2405	1875.06.08_Times	182545
1875.06.08_Times_0008	10134	1875.06.08_Times	182545
1875.06.08_Times_0009	8402	1875.06.08_Times	182545
1875.06.08_Times_0010	9607	1875.06.08_Times	182545
1875.06.08_Times_0011	12650	1875.06.08_Times	182545
1875.06.08_Times_0012	10385	1875.06.08_Times	182545
1875.06.08_Times_0013	14472	1875.06.08_Times	182545
1875.06.08_Times_0014	12338	1875.06.08_Times	182545
1875.06.08_Times_0015	14137	1875.06.08_Times	182545
1875.06.08_Times_0016	13666	1875.06.08_Times	182545
1875.06.08_WesternMail_0001	7803	1875.06.08_WesternMail	69739
1875.06.08_WesternMail_0002	9142	1875.06.08_WesternMail	69739
1875.06.08_WesternMail_0003	6864	1875.06.08_WesternMail	69739
1875.06.08_WesternMail_0004	6772	1875.06.08_WesternMail	69739
1875.06.08_WesternMail_0005	10646	1875.06.08_WesternMail	69739
1875.06.08_WesternMail_0006	10832	1875.06.08_WesternMail	69739
1875.06.08_WesternMail_0007	9093	1875.06.08_WesternMail	69739
1875.06.08_WesternMail_0008	8587	1875.06.08_WesternMail	69739
1875.06.09_BaneracAmserauCymru_0001	2713	1875.06.09_BaneracAmserauCymru	71420
1875.06.09_BaneracAmserauCymru_0002	4119	1875.06.09_BaneracAmserauCymru	71420
1875.06.09_BaneracAmserauCymru_0003	3078	1875.06.09_BaneracAmserauCymru	71420
1875.06.09_BaneracAmserauCymru_0004	4840	1875.06.09_BaneracAmserauCymru	71420
1875.06.09_BaneracAmserauCymru_0005	5716	1875.06.09_BaneracAmserauCymru	71420
1875.06.09_BaneracAmserauCymru_0006	4845	1875.06.09_BaneracAmserauCymru	71420
1875.06.09_BaneracAmserauCymru_0007	4545	1875.06.09_BaneracAmserauCymru	71420
1875.06.09_BaneracAmserauCymru_0008	4625	1875.06.09_BaneracAmserauCymru	71420
1875.06.09_BaneracAmserauCymru_0009	3969	1875.06.09_BaneracAmserauCymru	71420
1875.06.09_BaneracAmserauCymru_0010	4545	1875.06.09_BaneracAmserauCymru	71420
1875.06.09_BaneracAmserauCymru_0011	4715	1875.06.09_BaneracAmserauCymru	71420
1875.06.09_BaneracAmserauCymru_0012	4652	1875.06.09_BaneracAmserauCymru	71420
1875.06.09_BaneracAmserauCymru_0013	5601	1875.06.09_BaneracAmserauCymru	71420
1875.06.09_BaneracAmserauCymru_0014	5502	1875.06.09_BaneracAmserauCymru	71420
1875.06.09_BaneracAmserauCymru_0015	4900	1875.06.09_BaneracAmserauCymru	71420
1875.06.09_BaneracAmserauCymru_0016	3055	1875.06.09_BaneracAmserauCymru	71420
1875.06.09_BirminghamDailyPost_0001	9134	1875.06.09_BirminghamDailyPost	88054
1875.06.09_BirminghamDailyPost_0002	10867	1875.06.09_BirminghamDailyPost	88054
1875.06.09_BirminghamDailyPost_0003	9763	1875.06.09_BirminghamDailyPost	88054
1875.06.09_BirminghamDailyPost_0004	9594	1875.06.09_BirminghamDailyPost	88054
1875.06.09_BirminghamDailyPost_0005	13483	1875.06.09_BirminghamDailyPost	88054
1875.06.09_BirminghamDailyPost_0006	12953	1875.06.09_BirminghamDailyPost	88054
1875.06.09_BirminghamDailyPost_0007	11450	1875.06.09_BirminghamDailyPost	88054
1875.06.09_BirminghamDailyPost_0008	10810	1875.06.09_BirminghamDailyPost	88054
1875.06.09_DailyNews_0001	11171	1875.06.09_DailyNews	94402
1875.06.09_DailyNews_0002	13367	1875.06.09_DailyNews	94402
1875.06.09_DailyNews_0003	13067	1875.06.09_DailyNews	94402
1875.06.09_DailyNews_0004	11053	1875.06.09_DailyNews	94402
1875.06.09_DailyNews_0005	10110	1875.06.09_DailyNews	94402
1875.06.09_DailyNews_0006	13318	1875.06.09_DailyNews	94402
1875.06.09_DailyNews_0007	9867	1875.06.09_DailyNews	94402
1875.06.09_DailyNews_0008	12449	1875.06.09_DailyNews	94402
1875.06.09_Freeman'sJournalandDailyCommercialAdvertiser_0001	7550	1875.06.09_Freeman'sJournalandDailyCommercialAdvertiser	74842
1875.06.09_Freeman'sJournalandDailyCommercialAdvertiser_0002	3821	1875.06.09_Freeman'sJournalandDailyCommercialAdvertiser	74842
1875.06.09_Freeman'sJournalandDailyCommercialAdvertiser_0003	12238	1875.06.09_Freeman'sJournalandDailyCommercialAdvertiser	74842
1875.06.09_Freeman'sJournalandDailyCommercialAdvertiser_0004	7801	1875.06.09_Freeman'sJournalandDailyCommercialAdvertiser	74842
1875.06.09_Freeman'sJournalandDailyCommercialAdvertiser_0005	10014	1875.06.09_Freeman'sJournalandDailyCommercialAdvertiser	74842
1875.06.09_Freeman'sJournalandDailyCommercialAdvertiser_0006	11131	1875.06.09_Freeman'sJournalandDailyCommercialAdvertiser	74842
1875.06.09_Freeman'sJournalandDailyCommercialAdvertiser_0007	11696	1875.06.09_Freeman'sJournalandDailyCommercialAdvertiser	74842
1875.06.09_Freeman'sJournalandDailyCommercialAdvertiser_0008	10591	1875.06.09_Freeman'sJournalandDailyCommercialAdvertiser	74842
1875.06.09_GlasgowHerald_0001	10350	1875.06.09_GlasgowHerald	103429
1875.06.09_GlasgowHerald_0002	12286	1875.06.09_GlasgowHerald	103429
1875.06.09_GlasgowHerald_0003	14529	1875.06.09_GlasgowHerald	103429
1875.06.09_GlasgowHerald_0004	12589	1875.06.09_GlasgowHerald	103429
1875.06.09_GlasgowHerald_0005	13596	1875.06.09_GlasgowHerald	103429
1875.06.09_GlasgowHerald_0006	15413	1875.06.09_GlasgowHerald	103429
1875.06.09_GlasgowHerald_0007	13074	1875.06.09_GlasgowHerald	103429
1875.06.09_GlasgowHerald_0008	11592	1875.06.09_GlasgowHerald	103429
1875.06.09_HampshireTelegraphandSussexChronicleetc_0001	8474	1875.06.09_HampshireTelegraphandSussexChronicleetc	56365
1875.06.09_HampshireTelegraphandSussexChronicleetc_0002	13709	1875.06.09_HampshireTelegraphandSussexChronicleetc	56365
1875.06.09_HampshireTelegraphandSussexChronicleetc_0003	17152	1875.06.09_HampshireTelegraphandSussexChronicleetc	56365
1875.06.09_HampshireTelegraphandSussexChronicleetc_0004	17030	1875.06.09_HampshireTelegraphandSussexChronicleetc	56365
1875.06.09_LiverpoolMercuryetc_0001	11326	1875.06.09_LiverpoolMercuryetc	100635
1875.06.09_LiverpoolMercuryetc_0002	12783	1875.06.09_LiverpoolMercuryetc	100635
1875.06.09_LiverpoolMercuryetc_0003	11073	1875.06.09_LiverpoolMercuryetc	100635
1875.06.09_LiverpoolMercuryetc_0004	13292	1875.06.09_LiverpoolMercuryetc	100635
1875.06.09_LiverpoolMercuryetc_0005	12892	1875.06.09_LiverpoolMercuryetc	100635
1875.06.09_LiverpoolMercuryetc_0006	12578	1875.06.09_LiverpoolMercuryetc	100635
1875.06.09_LiverpoolMercuryetc_0007	13640	1875.06.09_LiverpoolMercuryetc	100635
1875.06.09_LiverpoolMercuryetc_0008	13051	1875.06.09_LiverpoolMercuryetc	100635
1875.06.09_NorthernEcho_0001	6532	1875.06.09_NorthernEcho	32663
1875.06.09_NorthernEcho_0002	8263	1875.06.09_NorthernEcho	32663
1875.06.09_NorthernEcho_0003	8474	1875.06.09_NorthernEcho	32663
1875.06.09_NorthernEcho_0004	9394	1875.06.09_NorthernEcho	32663
1875.06.09_TheAberdeenJournal_0001	9453	1875.06.09_TheAberdeenJournal	95716
1875.06.09_TheAberdeenJournal_0002	12872	1875.06.09_TheAberdeenJournal	95716
1875.06.09_TheAberdeenJournal_0003	14152	1875.06.09_TheAberdeenJournal	95716
1875.06.09_TheAberdeenJournal_0004	7362	1875.06.09_TheAberdeenJournal	95716
1875.06.09_TheAberdeenJournal_0005	13458	1875.06.09_TheAberdeenJournal	95716
1875.06.09_TheAberdeenJournal_0006	13884	1875.06.09_TheAberdeenJournal	95716
1875.06.09_TheAberdeenJournal_0007	13089	1875.06.09_TheAberdeenJournal	95716
1875.06.09_TheAberdeenJournal_0008	11446	1875.06.09_TheAberdeenJournal	95716
1875.06.09_TheDerbyMercury_0001	8274	1875.06.09_TheDerbyMercury	87307
1875.06.09_TheDerbyMercury_0002	14456	1875.06.09_TheDerbyMercury	87307
1875.06.09_TheDerbyMercury_0003	14385	1875.06.09_TheDerbyMercury	87307
1875.06.09_TheDerbyMercury_0004	6344	1875.06.09_TheDerbyMercury	87307
1875.06.09_TheDerbyMercury_0005	10175	1875.06.09_TheDerbyMercury	87307
1875.06.09_TheDerbyMercury_0006	10428	1875.06.09_TheDerbyMercury	87307
1875.06.09_TheDerbyMercury_0007	10918	1875.06.09_TheDerbyMercury	87307
1875.06.09_TheDerbyMercury_0008	12327	1875.06.09_TheDerbyMercury	87307
1875.06.09_ThePallMallGazette_0001	1604	1875.06.09_ThePallMallGazette	40142
1875.06.09_ThePallMallGazette_0002	2073	1875.06.09_ThePallMallGazette	40142
1875.06.09_ThePallMallGazette_0003	2725	1875.06.09_ThePallMallGazette	40142
1875.06.09_ThePallMallGazette_0004	2132	1875.06.09_ThePallMallGazette	40142
1875.06.09_ThePallMallGazette_0005	2148	1875.06.09_ThePallMallGazette	40142
1875.06.09_ThePallMallGazette_0006	2484	1875.06.09_ThePallMallGazette	40142
1875.06.09_ThePallMallGazette_0007	2408	1875.06.09_ThePallMallGazette	40142
1875.06.09_ThePallMallGazette_0008	2362	1875.06.09_ThePallMallGazette	40142
1875.06.09_ThePallMallGazette_0009	3051	1875.06.09_ThePallMallGazette	40142
1875.06.09_ThePallMallGazette_0010	2233	1875.06.09_ThePallMallGazette	40142
1875.06.09_ThePallMallGazette_0011	2252	1875.06.09_ThePallMallGazette	40142
1875.06.09_ThePallMallGazette_0012	2347	1875.06.09_ThePallMallGazette	40142
1875.06.09_ThePallMallGazette_0013	3298	1875.06.09_ThePallMallGazette	40142
1875.06.09_ThePallMallGazette_0014	3205	1875.06.09_ThePallMallGazette	40142
1875.06.09_ThePallMallGazette_0015	3048	1875.06.09_ThePallMallGazette	40142
1875.06.09_ThePallMallGazette_0016	2772	1875.06.09_ThePallMallGazette	40142
1875.06.09_Times_0001	12596	1875.06.09_Times	233967
1875.06.09_Times_0002	12466	1875.06.09_Times	233967
1875.06.09_Times_0003	12592	1875.06.09_Times	233967
1875.06.09_Times_0004	13139	1875.06.09_Times	233967
1875.06.09_Times_0005	11165	1875.06.09_Times	233967
1875.06.09_Times_0006	5285	1875.06.09_Times	233967
1875.06.09_Times_0007	9787	1875.06.09_Times	233967
1875.06.09_Times_0008	10849	1875.06.09_Times	233967
1875.06.09_Times_0009	13545	1875.06.09_Times	233967
1875.06.09_Times_0010	8446	1875.06.09_Times	233967
1875.06.09_Times_0011	8161	1875.06.09_Times	233967
1875.06.09_Times_0012	9755	1875.06.09_Times	233967
1875.06.09_Times_0013	11734	1875.06.09_Times	233967
1875.06.09_Times_0014	11442	1875.06.09_Times	233967
1875.06.09_Times_0015	13972	1875.06.09_Times	233967
1875.06.09_Times_0016	13264	1875.06.09_Times	233967
1875.06.09_Times_0017	13550	1875.06.09_Times	233967
1875.06.09_Times_0018	11972	1875.06.09_Times	233967
1875.06.09_Times_0019	15591	1875.06.09_Times	233967
1875.06.09_Times_0020	14656	1875.06.09_Times	233967
1875.06.09_Trewman'sExeterFlyingPostorPlymouthandCornishAdvertiser_0001	9164	1875.06.09_Trewman'sExeterFlyingPostorPlymouthandCornishAdvertiser	93003
1875.06.09_Trewman'sExeterFlyingPostorPlymouthandCornishAdvertiser_0002	11308	1875.06.09_Trewman'sExeterFlyingPostorPlymouthandCornishAdvertiser	93003
1875.06.09_Trewman'sExeterFlyingPostorPlymouthandCornishAdvertiser_0003	13518	1875.06.09_Trewman'sExeterFlyingPostorPlymouthandCornishAdvertiser	93003
1875.06.09_Trewman'sExeterFlyingPostorPlymouthandCornishAdvertiser_0004	6583	1875.06.09_Trewman'sExeterFlyingPostorPlymouthandCornishAdvertiser	93003
1875.06.09_Trewman'sExeterFlyingPostorPlymouthandCornishAdvertiser_0005	11813	1875.06.09_Trewman'sExeterFlyingPostorPlymouthandCornishAdvertiser	93003
1875.06.09_Trewman'sExeterFlyingPostorPlymouthandCornishAdvertiser_0006	14980	1875.06.09_Trewman'sExeterFlyingPostorPlymouthandCornishAdvertiser	93003
1875.06.09_Trewman'sExeterFlyingPostorPlymouthandCornishAdvertiser_0007	12976	1875.06.09_Trewman'sExeterFlyingPostorPlymouthandCornishAdvertiser	93003
1875.06.09_Trewman'sExeterFlyingPostorPlymouthandCornishAdvertiser_0008	12661	1875.06.09_Trewman'sExeterFlyingPostorPlymouthandCornishAdvertiser	93003
1875.06.09_WesternMail_0001	9195	1875.06.09_WesternMail	82281
1875.06.09_WesternMail_0002	9822	1875.06.09_WesternMail	82281
1875.06.09_WesternMail_0003	8539	1875.06.09_WesternMail	82281
1875.06.09_WesternMail_0004	8299	1875.06.09_WesternMail	82281
1875.06.09_WesternMail_0005	11423	1875.06.09_WesternMail	82281
1875.06.09_WesternMail_0006	13056	1875.06.09_WesternMail	82281
1875.06.09_WesternMail_0007	11096	1875.06.09_WesternMail	82281
1875.06.09_WesternMail_0008	10851	1875.06.09_WesternMail	82281
1875.06.10_BirminghamDailyPost_0001	13976	1875.06.10_BirminghamDailyPost	104316
1875.06.10_BirminghamDailyPost_0002	12218	1875.06.10_BirminghamDailyPost	104316
1875.06.10_BirminghamDailyPost_0003	12239	1875.06.10_BirminghamDailyPost	104316
1875.06.10_BirminghamDailyPost_0004	12116	1875.06.10_BirminghamDailyPost	104316
1875.06.10_BirminghamDailyPost_0005	13474	1875.06.10_BirminghamDailyPost	104316
1875.06.10_BirminghamDailyPost_0006	14360	1875.06.10_BirminghamDailyPost	104316
1875.06.10_BirminghamDailyPost_0007	11751	1875.06.10_BirminghamDailyPost	104316
1875.06.10_BirminghamDailyPost_0008	14182	1875.06.10_BirminghamDailyPost	104316
1875.06.10_DailyNews_0001	9978	1875.06.10_DailyNews	84896
1875.06.10_DailyNews_0002	12323	1875.06.10_DailyNews	84896
1875.06.10_DailyNews_0003	12525	1875.06.10_DailyNews	84896
1875.06.10_DailyNews_0004	9015	1875.06.10_DailyNews	84896
1875.06.10_DailyNews_0005	8959	1875.06.10_DailyNews	84896
1875.06.10_DailyNews_0006	11839	1875.06.10_DailyNews	84896
1875.06.10_DailyNews_0007	9359	1875.06.10_DailyNews	84896
1875.06.10_DailyNews_0008	10898	1875.06.10_DailyNews	84896
1875.06.10_Freeman'sJournalandDailyCommercialAdvertiser_0001	7755	1875.06.10_Freeman'sJournalandDailyCommercialAdvertiser	69384
1875.06.10_Freeman'sJournalandDailyCommercialAdvertiser_0002	10045	1875.06.10_Freeman'sJournalandDailyCommercialAdvertiser	69384
1875.06.10_Freeman'sJournalandDailyCommercialAdvertiser_0003	9655	1875.06.10_Freeman'sJournalandDailyCommercialAdvertiser	69384
1875.06.10_Freeman'sJournalandDailyCommercialAdvertiser_0004	6253	1875.06.10_Freeman'sJournalandDailyCommercialAdvertiser	69384
1875.06.10_Freeman'sJournalandDailyCommercialAdvertiser_0005	8005	1875.06.10_Freeman'sJournalandDailyCommercialAdvertiser	69384
1875.06.10_Freeman'sJournalandDailyCommercialAdvertiser_0006	9481	1875.06.10_Freeman'sJournalandDailyCommercialAdvertiser	69384
1875.06.10_Freeman'sJournalandDailyCommercialAdvertiser_0007	9924	1875.06.10_Freeman'sJournalandDailyCommercialAdvertiser	69384
1875.06.10_Freeman'sJournalandDailyCommercialAdvertiser_0008	8266	1875.06.10_Freeman'sJournalandDailyCommercialAdvertiser	69384
1875.06.10_GlasgowHerald_0001	8440	1875.06.10_GlasgowHerald	81621
1875.06.10_GlasgowHerald_0002	9881	1875.06.10_GlasgowHerald	81621
1875.06.10_GlasgowHerald_0003	11723	1875.06.10_GlasgowHerald	81621
1875.06.10_GlasgowHerald_0004	10229	1875.06.10_GlasgowHerald	81621
1875.06.10_GlasgowHerald_0005	10858	1875.06.10_GlasgowHerald	81621
1875.06.10_GlasgowHerald_0006	10758	1875.06.10_GlasgowHerald	81621
1875.06.10_GlasgowHerald_0007	11192	1875.06.10_GlasgowHerald	81621
1875.06.10_GlasgowHerald_0008	8540	1875.06.10_GlasgowHerald	81621
1875.06.10_LiverpoolMercuryetc_0001	10261	1875.06.10_LiverpoolMercuryetc	98113
1875.06.10_LiverpoolMercuryetc_0002	10640	1875.06.10_LiverpoolMercuryetc	98113
1875.06.10_LiverpoolMercuryetc_0003	12193	1875.06.10_LiverpoolMercuryetc	98113
1875.06.10_LiverpoolMercuryetc_0004	12163	1875.06.10_LiverpoolMercuryetc	98113
1875.06.10_LiverpoolMercuryetc_0005	12196	1875.06.10_LiverpoolMercuryetc	98113
1875.06.10_LiverpoolMercuryetc_0006	13073	1875.06.10_LiverpoolMercuryetc	98113
1875.06.10_LiverpoolMercuryetc_0007	13118	1875.06.10_LiverpoolMercuryetc	98113
1875.06.10_LiverpoolMercuryetc_0008	14469	1875.06.10_LiverpoolMercuryetc	98113
1875.06.10_NorthernEcho_0001	6998	1875.06.10_NorthernEcho	33441
1875.06.10_NorthernEcho_0002	7931	1875.06.10_NorthernEcho	33441
1875.06.10_NorthernEcho_0003	8881	1875.06.10_NorthernEcho	33441
1875.06.10_NorthernEcho_0004	9631	1875.06.10_NorthernEcho	33441
1875.06.10_ThePallMallGazette_0001	1632	1875.06.10_ThePallMallGazette	37976
1875.06.10_ThePallMallGazette_0002	2140	1875.06.10_ThePallMallGazette	37976
1875.06.10_ThePallMallGazette_0003	2777	1875.06.10_ThePallMallGazette	37976
1875.06.10_ThePallMallGazette_0004	1998	1875.06.10_ThePallMallGazette	37976
1875.06.10_ThePallMallGazette_0005	2050	1875.06.10_ThePallMallGazette	37976
1875.06.10_ThePallMallGazette_0006	2500	1875.06.10_ThePallMallGazette	37976
1875.06.10_ThePallMallGazette_0007	2801	1875.06.10_ThePallMallGazette	37976
1875.06.10_ThePallMallGazette_0008	2456	1875.06.10_ThePallMallGazette	37976
1875.06.10_ThePallMallGazette_0009	2945	1875.06.10_ThePallMallGazette	37976
1875.06.10_ThePallMallGazette_0010	2303	1875.06.10_ThePallMallGazette	37976
1875.06.10_ThePallMallGazette_0011	2315	1875.06.10_ThePallMallGazette	37976
1875.06.10_ThePallMallGazette_0012	2122	1875.06.10_ThePallMallGazette	37976
1875.06.10_ThePallMallGazette_0013	3246	1875.06.10_ThePallMallGazette	37976
1875.06.10_ThePallMallGazette_0014	3110	1875.06.10_ThePallMallGazette	37976
1875.06.10_ThePallMallGazette_0015	2295	1875.06.10_ThePallMallGazette	37976
1875.06.10_ThePallMallGazette_0016	1286	1875.06.10_ThePallMallGazette	37976
1875.06.10_Times_0001	12550	1875.06.10_Times	191611
1875.06.10_Times_0002	13494	1875.06.10_Times	191611
1875.06.10_Times_0003	12174	1875.06.10_Times	191611
1875.06.10_Times_0004	13745	1875.06.10_Times	191611
1875.06.10_Times_0005	9687	1875.06.10_Times	191611
1875.06.10_Times_0006	11757	1875.06.10_Times	191611
1875.06.10_Times_0007	9260	1875.06.10_Times	191611
1875.06.10_Times_0008	12086	1875.06.10_Times	191611
1875.06.10_Times_0009	8489	1875.06.10_Times	191611
1875.06.10_Times_0010	10751	1875.06.10_Times	191611
1875.06.10_Times_0011	11845	1875.06.10_Times	191611
1875.06.10_Times_0012	10505	1875.06.10_Times	191611
1875.06.10_Times_0013	13838	1875.06.10_Times	191611
1875.06.10_Times_0014	13864	1875.06.10_Times	191611
1875.06.10_Times_0015	12982	1875.06.10_Times	191611
1875.06.10_Times_0016	14584	1875.06.10_Times	191611
1875.06.10_WesternMail_0001	7964	1875.06.10_WesternMail	72950
1875.06.10_WesternMail_0002	9690	1875.06.10_WesternMail	72950
1875.06.10_WesternMail_0003	7229	1875.06.10_WesternMail	72950
1875.06.10_WesternMail_0004	7391	1875.06.10_WesternMail	72950
1875.06.10_WesternMail_0005	10365	1875.06.10_WesternMail	72950
1875.06.10_WesternMail_0006	11391	1875.06.10_WesternMail	72950
1875.06.10_WesternMail_0007	9834	1875.06.10_WesternMail	72950
1875.06.10_WesternMail_0008	9086	1875.06.10_WesternMail	72950
1875.06.11_BirminghamDailyPost_0001	9240	1875.06.11_BirminghamDailyPost	88053
1875.06.11_BirminghamDailyPost_0002	10864	1875.06.11_BirminghamDailyPost	88053
1875.06.11_BirminghamDailyPost_0003	10049	1875.06.11_BirminghamDailyPost	88053
1875.06.11_BirminghamDailyPost_0004	9355	1875.06.11_BirminghamDailyPost	88053
1875.06.11_BirminghamDailyPost_0005	12879	1875.06.11_BirminghamDailyPost	88053
1875.06.11_BirminghamDailyPost_0006	13083	1875.06.11_BirminghamDailyPost	88053
1875.06.11_BirminghamDailyPost_0007	11037	1875.06.11_BirminghamDailyPost	88053
1875.06.11_BirminghamDailyPost_0008	11546	1875.06.11_BirminghamDailyPost	88053
1875.06.11_DailyNews_0001	10418	1875.06.11_DailyNews	86366
1875.06.11_DailyNews_0002	12986	1875.06.11_DailyNews	86366
1875.06.11_DailyNews_0003	11089	1875.06.11_DailyNews	86366
1875.06.11_DailyNews_0004	9399	1875.06.11_DailyNews	86366
1875.06.11_DailyNews_0005	8495	1875.06.11_DailyNews	86366
1875.06.11_DailyNews_0006	12651	1875.06.11_DailyNews	86366
1875.06.11_DailyNews_0007	9562	1875.06.11_DailyNews	86366
1875.06.11_DailyNews_0008	11766	1875.06.11_DailyNews	86366
1875.06.11_Freeman'sJournalandDailyCommercialAdvertiser_0001	7465	1875.06.11_Freeman'sJournalandDailyCommercialAdvertiser	69847
1875.06.11_Freeman'sJournalandDailyCommercialAdvertiser_0002	10336	1875.06.11_Freeman'sJournalandDailyCommercialAdvertiser	69847
1875.06.11_Freeman'sJournalandDailyCommercialAdvertiser_0003	10360	1875.06.11_Freeman'sJournalandDailyCommercialAdvertiser	69847
1875.06.11_Freeman'sJournalandDailyCommercialAdvertiser_0004	6458	1875.06.11_Freeman'sJournalandDailyCommercialAdvertiser	69847
1875.06.11_Freeman'sJournalandDailyCommercialAdvertiser_0005	7973	1875.06.11_Freeman'sJournalandDailyCommercialAdvertiser	69847
1875.06.11_Freeman'sJournalandDailyCommercialAdvertiser_0006	9181	1875.06.11_Freeman'sJournalandDailyCommercialAdvertiser	69847
1875.06.11_Freeman'sJournalandDailyCommercialAdvertiser_0007	10117	1875.06.11_Freeman'sJournalandDailyCommercialAdvertiser	69847
1875.06.11_Freeman'sJournalandDailyCommercialAdvertiser_0008	7957	1875.06.11_Freeman'sJournalandDailyCommercialAdvertiser	69847
1875.06.11_GlasgowHerald_0001	11011	1875.06.11_GlasgowHerald	99237
1875.06.11_GlasgowHerald_0002	11837	1875.06.11_GlasgowHerald	99237
1875.06.11_GlasgowHerald_0003	11528	1875.06.11_GlasgowHerald	99237
1875.06.11_GlasgowHerald_0004	12675	1875.06.11_GlasgowHerald	99237
1875.06.11_GlasgowHerald_0005	15783	1875.06.11_GlasgowHerald	99237
1875.06.11_GlasgowHerald_0006	13907	1875.06.11_GlasgowHerald	99237
1875.06.11_GlasgowHerald_0007	12516	1875.06.11_GlasgowHerald	99237
1875.06.11_GlasgowHerald_0008	9980	1875.06.11_GlasgowHerald	99237
1875.06.11_LiverpoolMercuryetc_0001	10965	1875.06.11_LiverpoolMercuryetc	114867
1875.06.11_LiverpoolMercuryetc_0002	11629	1875.06.11_LiverpoolMercuryetc	114867
1875.06.11_LiverpoolMercuryetc_0003	14805	1875.06.11_LiverpoolMercuryetc	114867
1875.06.11_LiverpoolMercuryetc_0004	17204	1875.06.11_LiverpoolMercuryetc	114867
1875.06.11_LiverpoolMercuryetc_0005	16079	1875.06.11_LiverpoolMercuryetc	114867
1875.06.11_LiverpoolMercuryetc_0006	15303	1875.06.11_LiverpoolMercuryetc	114867
1875.06.11_LiverpoolMercuryetc_0007	14547	1875.06.11_LiverpoolMercuryetc	114867
1875.06.11_LiverpoolMercuryetc_0008	14335	1875.06.11_LiverpoolMercuryetc	114867
1875.06.11_NorthernEcho_0001	6942	1875.06.11_NorthernEcho	34397
1875.06.11_NorthernEcho_0002	8820	1875.06.11_NorthernEcho	34397
1875.06.11_NorthernEcho_0003	8608	1875.06.11_NorthernEcho	34397
1875.06.11_NorthernEcho_0004	10027	1875.06.11_NorthernEcho	34397
1875.06.11_TheHullPacketandEastRidingTimes_0001	5759	1875.06.11_TheHullPacketandEastRidingTimes	78578
1875.06.11_TheHullPacketandEastRidingTimes_0002	10401	1875.06.11_TheHullPacketandEastRidingTimes	78578
1875.06.11_TheHullPacketandEastRidingTimes_0003	10874	1875.06.11_TheHullPacketandEastRidingTimes	78578
1875.06.11_TheHullPacketandEastRidingTimes_0004	8930	1875.06.11_TheHullPacketandEastRidingTimes	78578
1875.06.11_TheHullPacketandEastRidingTimes_0005	9020	1875.06.11_TheHullPacketandEastRidingTimes	78578
1875.06.11_TheHullPacketandEastRidingTimes_0006	12535	1875.06.11_TheHullPacketandEastRidingTimes	78578
1875.06.11_TheHullPacketandEastRidingTimes_0007	11080	1875.06.11_TheHullPacketandEastRidingTimes	78578
1875.06.11_TheHullPacketandEastRidingTimes_0008	9979	1875.06.11_TheHullPacketandEastRidingTimes	78578
1875.06.11_ThePallMallGazette_0001	1623	1875.06.11_ThePallMallGazette	39190
1875.06.11_ThePallMallGazette_0002	2083	1875.06.11_ThePallMallGazette	39190
1875.06.11_ThePallMallGazette_0003	2193	1875.06.11_ThePallMallGazette	39190
1875.06.11_ThePallMallGazette_0004	2056	1875.06.11_ThePallMallGazette	39190
1875.06.11_ThePallMallGazette_0005	2907	1875.06.11_ThePallMallGazette	39190
1875.06.11_ThePallMallGazette_0006	2528	1875.06.11_ThePallMallGazette	39190
1875.06.11_ThePallMallGazette_0007	2461	1875.06.11_ThePallMallGazette	39190
1875.06.11_ThePallMallGazette_0008	2229	1875.06.11_ThePallMallGazette	39190
1875.06.11_ThePallMallGazette_0009	2977	1875.06.11_ThePallMallGazette	39190
1875.06.11_ThePallMallGazette_0010	2215	1875.06.11_ThePallMallGazette	39190
1875.06.11_ThePallMallGazette_0011	2246	1875.06.11_ThePallMallGazette	39190
1875.06.11_ThePallMallGazette_0012	2144	1875.06.11_ThePallMallGazette	39190
1875.06.11_ThePallMallGazette_0013	2822	1875.06.11_ThePallMallGazette	39190
1875.06.11_ThePallMallGazette_0014	3803	1875.06.11_ThePallMallGazette	39190
1875.06.11_ThePallMallGazette_0015	2796	1875.06.11_ThePallMallGazette	39190
1875.06.11_ThePallMallGazette_0016	2107	1875.06.11_ThePallMallGazette	39190
1875.06.11_Times_0001	12681	1875.06.11_Times	188214
1875.06.11_Times_0002	12896	1875.06.11_Times	188214
1875.06.11_Times_0003	11881	1875.06.11_Times	188214
1875.06.11_Times_0004	6087	1875.06.11_Times	188214
1875.06.11_Times_0005	9531	1875.06.11_Times	188214
1875.06.11_Times_0006	23394	1875.06.11_Times	188214
1875.06.11_Times_0007	524	1875.06.11_Times	188214
1875.06.11_Times_0008	10403	1875.06.11_Times	188214
1875.06.11_Times_0009	8279	1875.06.11_Times	188214
1875.06.11_Times_0010	11206	1875.06.11_Times	188214
1875.06.11_Times_0011	12160	1875.06.11_Times	188214
1875.06.11_Times_0012	10311	1875.06.11_Times	188214
1875.06.11_Times_0013	13171	1875.06.11_Times	188214
1875.06.11_Times_0014	16366	1875.06.11_Times	188214
1875.06.11_Times_0015	13329	1875.06.11_Times	188214
1875.06.11_Times_0016	15995	1875.06.11_Times	188214
1875.06.11_WesternMail_0001	6953	1875.06.11_WesternMail	76212
1875.06.11_WesternMail_0002	9089	1875.06.11_WesternMail	76212
1875.06.11_WesternMail_0003	7946	1875.06.11_WesternMail	76212
1875.06.11_WesternMail_0004	8123	1875.06.11_WesternMail	76212
1875.06.11_WesternMail_0005	11754	1875.06.11_WesternMail	76212
1875.06.11_WesternMail_0006	12199	1875.06.11_WesternMail	76212
1875.06.11_WesternMail_0007	10060	1875.06.11_WesternMail	76212
1875.06.11_WesternMail_0008	10088	1875.06.11_WesternMail	76212
1875.06.12_BaneracAmserauCymru_0001	2505	1875.06.12_BaneracAmserauCymru	35025
1875.06.12_BaneracAmserauCymru_0002	4249	1875.06.12_BaneracAmserauCymru	35025
1875.06.12_BaneracAmserauCymru_0003	4723	1875.06.12_BaneracAmserauCymru	35025
1875.06.12_BaneracAmserauCymru_0004	4375	1875.06.12_BaneracAmserauCymru	35025
1875.06.12_BaneracAmserauCymru_0005	4715	1875.06.12_BaneracAmserauCymru	35025
1875.06.12_BaneracAmserauCymru_0006	4391	1875.06.12_BaneracAmserauCymru	35025
1875.06.12_BaneracAmserauCymru_0007	6028	1875.06.12_BaneracAmserauCymru	35025
1875.06.12_BaneracAmserauCymru_0008	4039	1875.06.12_BaneracAmserauCymru	35025
1875.06.12_BirminghamDailyPost_0001	13057	1875.06.12_BirminghamDailyPost	102060
1875.06.12_BirminghamDailyPost_0002	12320	1875.06.12_BirminghamDailyPost	102060
1875.06.12_BirminghamDailyPost_0003	12989	1875.06.12_BirminghamDailyPost	102060
1875.06.12_BirminghamDailyPost_0004	11897	1875.06.12_BirminghamDailyPost	102060
1875.06.12_BirminghamDailyPost_0005	12309	1875.06.12_BirminghamDailyPost	102060
1875.06.12_BirminghamDailyPost_0006	15779	1875.06.12_BirminghamDailyPost	102060
1875.06.12_BirminghamDailyPost_0007	10141	1875.06.12_BirminghamDailyPost	102060
1875.06.12_BirminghamDailyPost_0008	13568	1875.06.12_BirminghamDailyPost	102060
1875.06.12_DailyNews_0001	10498	1875.06.12_DailyNews	91005
1875.06.12_DailyNews_0002	12933	1875.06.12_DailyNews	91005
1875.06.12_DailyNews_0003	13804	1875.06.12_DailyNews	91005
1875.06.12_DailyNews_0004	8952	1875.06.12_DailyNews	91005
1875.06.12_DailyNews_0005	10503	1875.06.12_DailyNews	91005
1875.06.12_DailyNews_0006	12967	1875.06.12_DailyNews	91005
1875.06.12_DailyNews_0007	9932	1875.06.12_DailyNews	91005
1875.06.12_DailyNews_0008	11416	1875.06.12_DailyNews	91005
1875.06.12_Freeman'sJournalandDailyCommercialAdvertiser_0001	8553	1875.06.12_Freeman'sJournalandDailyCommercialAdvertiser	78042
1875.06.12_Freeman'sJournalandDailyCommercialAdvertiser_0002	8595	1875.06.12_Freeman'sJournalandDailyCommercialAdvertiser	78042
1875.06.12_Freeman'sJournalandDailyCommercialAdvertiser_0003	10323	1875.06.12_Freeman'sJournalandDailyCommercialAdvertiser	78042
1875.06.12_Freeman'sJournalandDailyCommercialAdvertiser_0004	8535	1875.06.12_Freeman'sJournalandDailyCommercialAdvertiser	78042
1875.06.12_Freeman'sJournalandDailyCommercialAdvertiser_0005	9215	1875.06.12_Freeman'sJournalandDailyCommercialAdvertiser	78042
1875.06.12_Freeman'sJournalandDailyCommercialAdvertiser_0006	11278	1875.06.12_Freeman'sJournalandDailyCommercialAdvertiser	78042
1875.06.12_Freeman'sJournalandDailyCommercialAdvertiser_0007	11601	1875.06.12_Freeman'sJournalandDailyCommercialAdvertiser	78042
1875.06.12_Freeman'sJournalandDailyCommercialAdvertiser_0008	9942	1875.06.12_Freeman'sJournalandDailyCommercialAdvertiser	78042
1875.06.12_GlasgowHerald_0001	3421	1875.06.12_GlasgowHerald	72822
1875.06.12_GlasgowHerald_0002	7632	1875.06.12_GlasgowHerald	72822
1875.06.12_GlasgowHerald_0003	9656	1875.06.12_GlasgowHerald	72822
1875.06.12_GlasgowHerald_0004	10039	1875.06.12_GlasgowHerald	72822
1875.06.12_GlasgowHerald_0005	11593	1875.06.12_GlasgowHerald	72822
1875.06.12_GlasgowHerald_0006	12342	1875.06.12_GlasgowHerald	72822
1875.06.12_GlasgowHerald_0007	9700	1875.06.12_GlasgowHerald	72822
1875.06.12_GlasgowHerald_0008	8439	1875.06.12_GlasgowHerald	72822
1875.06.12_HampshireTelegraphandSussexChronicleetc_0001	11590	1875.06.12_HampshireTelegraphandSussexChronicleetc	93169
1875.06.12_HampshireTelegraphandSussexChronicleetc_0002	11228	1875.06.12_HampshireTelegraphandSussexChronicleetc	93169
1875.06.12_HampshireTelegraphandSussexChronicleetc_0003	13704	1875.06.12_HampshireTelegraphandSussexChronicleetc	93169
1875.06.12_HampshireTelegraphandSussexChronicleetc_0004	10132	1875.06.12_HampshireTelegraphandSussexChronicleetc	93169
1875.06.12_HampshireTelegraphandSussexChronicleetc_0005	15094	1875.06.12_HampshireTelegraphandSussexChronicleetc	93169
1875.06.12_HampshireTelegraphandSussexChronicleetc_0006	10231	1875.06.12_HampshireTelegraphandSussexChronicleetc	93169
1875.06.12_HampshireTelegraphandSussexChronicleetc_0007	3692	1875.06.12_HampshireTelegraphandSussexChronicleetc	93169
1875.06.12_HampshireTelegraphandSussexChronicleetc_0008	17498	1875.06.12_HampshireTelegraphandSussexChronicleetc	93169
1875.06.12_Jackson'sOxfordJournal_0001	3644	1875.06.12_Jackson'sOxfordJournal	78388
1875.06.12_Jackson'sOxfordJournal_0002	7453	1875.06.12_Jackson'sOxfordJournal	78388
1875.06.12_Jackson'sOxfordJournal_0003	9931	1875.06.12_Jackson'sOxfordJournal	78388
1875.06.12_Jackson'sOxfordJournal_0004	12230	1875.06.12_Jackson'sOxfordJournal	78388
1875.06.12_Jackson'sOxfordJournal_0005	11553	1875.06.12_Jackson'sOxfordJournal	78388
1875.06.12_Jackson'sOxfordJournal_0006	12186	1875.06.12_Jackson'sOxfordJournal	78388
1875.06.12_Jackson'sOxfordJournal_0007	11976	1875.06.12_Jackson'sOxfordJournal	78388
1875.06.12_Jackson'sOxfordJournal_0008	9415	1875.06.12_Jackson'sOxfordJournal	78388
1875.06.12_LiverpoolMercuryetc_0001	9798	1875.06.12_LiverpoolMercuryetc	105229
1875.06.12_LiverpoolMercuryetc_0002	14081	1875.06.12_LiverpoolMercuryetc	105229
1875.06.12_LiverpoolMercuryetc_0003	14895	1875.06.12_LiverpoolMercuryetc	105229
1875.06.12_LiverpoolMercuryetc_0004	13687	1875.06.12_LiverpoolMercuryetc	105229
1875.06.12_LiverpoolMercuryetc_0005	13344	1875.06.12_LiverpoolMercuryetc	105229
1875.06.12_LiverpoolMercuryetc_0006	12816	1875.06.12_LiverpoolMercuryetc	105229
1875.06.12_LiverpoolMercuryetc_0007	13135	1875.06.12_LiverpoolMercuryetc	105229
1875.06.12_LiverpoolMercuryetc_0008	13473	1875.06.12_LiverpoolMercuryetc	105229
1875.06.12_ManchesterTimes_0001	6658	1875.06.12_ManchesterTimes	82933
1875.06.12_ManchesterTimes_0002	11489	1875.06.12_ManchesterTimes	82933
1875.06.12_ManchesterTimes_0003	11789	1875.06.12_ManchesterTimes	82933
1875.06.12_ManchesterTimes_0004	9158	1875.06.12_ManchesterTimes	82933
1875.06.12_ManchesterTimes_0005	10503	1875.06.12_ManchesterTimes	82933
1875.06.12_ManchesterTimes_0006	12007	1875.06.12_ManchesterTimes	82933
1875.06.12_ManchesterTimes_0007	11015	1875.06.12_ManchesterTimes	82933
1875.06.12_ManchesterTimes_0008	10314	1875.06.12_ManchesterTimes	82933
1875.06.12_NorthernEcho_0001	6578	1875.06.12_NorthernEcho	32239
1875.06.12_NorthernEcho_0002	7783	1875.06.12_NorthernEcho	32239
1875.06.12_NorthernEcho_0003	8456	1875.06.12_NorthernEcho	32239
1875.06.12_NorthernEcho_0004	9422	1875.06.12_NorthernEcho	32239
1875.06.12_NorthWalesChronicle_0001	5934	1875.06.12_NorthWalesChronicle	79720
1875.06.12_NorthWalesChronicle_0002	9363	1875.06.12_NorthWalesChronicle	79720
1875.06.12_NorthWalesChronicle_0003	12809	1875.06.12_NorthWalesChronicle	79720
1875.06.12_NorthWalesChronicle_0004	7724	1875.06.12_NorthWalesChronicle	79720
1875.06.12_NorthWalesChronicle_0005	12046	1875.06.12_NorthWalesChronicle	79720
1875.06.12_NorthWalesChronicle_0006	12268	1875.06.12_NorthWalesChronicle	79720
1875.06.12_NorthWalesChronicle_0007	12028	1875.06.12_NorthWalesChronicle	79720
1875.06.12_NorthWalesChronicle_0008	7548	1875.06.12_NorthWalesChronicle	79720
1875.06.12_TheBristolMercury_0001	14281	1875.06.12_TheBristolMercury	119537
1875.06.12_TheBristolMercury_0002	10926	1875.06.12_TheBristolMercury	119537
1875.06.12_TheBristolMercury_0003	16996	1875.06.12_TheBristolMercury	119537
1875.06.12_TheBristolMercury_0004	13428	1875.06.12_TheBristolMercury	119537
1875.06.12_TheBristolMercury_0005	13630	1875.06.12_TheBristolMercury	119537
1875.06.12_TheBristolMercury_0006	18110	1875.06.12_TheBristolMercury	119537
1875.06.12_TheBristolMercury_0007	14616	1875.06.12_TheBristolMercury	119537
1875.06.12_TheBristolMercury_0008	17550	1875.06.12_TheBristolMercury	119537
1875.06.12_TheExaminer_0001	1130	1875.06.12_TheExaminer	43374
1875.06.12_TheExaminer_0002	1434	1875.06.12_TheExaminer	43374
1875.06.12_TheExaminer_0003	1396	1875.06.12_TheExaminer	43374
1875.06.12_TheExaminer_0004	1393	1875.06.12_TheExaminer	43374
1875.06.12_TheExaminer_0005	1414	1875.06.12_TheExaminer	43374
1875.06.12_TheExaminer_0006	1378	1875.06.12_TheExaminer	43374
1875.06.12_TheExaminer_0007	1427	1875.06.12_TheExaminer	43374
1875.06.12_TheExaminer_0008	1405	1875.06.12_TheExaminer	43374
1875.06.12_TheExaminer_0009	1453	1875.06.12_TheExaminer	43374
1875.06.12_TheExaminer_0010	1534	1875.06.12_TheExaminer	43374
1875.06.12_TheExaminer_0011	1825	1875.06.12_TheExaminer	43374
1875.06.12_TheExaminer_0012	1847	1875.06.12_TheExaminer	43374
1875.06.12_TheExaminer_0013	1831	1875.06.12_TheExaminer	43374
1875.06.12_TheExaminer_0014	1847	1875.06.12_TheExaminer	43374
1875.06.12_TheExaminer_0015	1833	1875.06.12_TheExaminer	43374
1875.06.12_TheExaminer_0016	1396	1875.06.12_TheExaminer	43374
1875.06.12_TheExaminer_0017	1499	1875.06.12_TheExaminer	43374
1875.06.12_TheExaminer_0018	1419	1875.06.12_TheExaminer	43374
1875.06.12_TheExaminer_0019	1480	1875.06.12_TheExaminer	43374
1875.06.12_TheExaminer_0020	1577	1875.06.12_TheExaminer	43374
1875.06.12_TheExaminer_0021	1772	1875.06.12_TheExaminer	43374
1875.06.12_TheExaminer_0022	1816	1875.06.12_TheExaminer	43374
1875.06.12_TheExaminer_0023	1432	1875.06.12_TheExaminer	43374
1875.06.12_TheExaminer_0024	1361	1875.06.12_TheExaminer	43374
1875.06.12_TheExaminer_0025	1959	1875.06.12_TheExaminer	43374
1875.06.12_TheExaminer_0026	917	1875.06.12_TheExaminer	43374
1875.06.12_TheExaminer_0027	1956	1875.06.12_TheExaminer	43374
1875.06.12_TheExaminer_0028	1643	1875.06.12_TheExaminer	43374
1875.06.12_TheGraphic_0001	8	1875.06.12_TheGraphic	43926
1875.06.12_TheGraphic_0002	2527	1875.06.12_TheGraphic	43926
1875.06.12_TheGraphic_0003	3632	1875.06.12_TheGraphic	43926
1875.06.12_TheGraphic_0004	60	1875.06.12_TheGraphic	43926
1875.06.12_TheGraphic_0005	19	1875.06.12_TheGraphic	43926
1875.06.12_TheGraphic_0006	3602	1875.06.12_TheGraphic	43926
1875.06.12_TheGraphic_0007	3528	1875.06.12_TheGraphic	43926
1875.06.12_TheGraphic_0008	61	1875.06.12_TheGraphic	43926
1875.06.12_TheGraphic_0009	1075	1875.06.12_TheGraphic	43926
1875.06.12_TheGraphic_0010	3726	1875.06.12_TheGraphic	43926
1875.06.12_TheGraphic_0011	3711	1875.06.12_TheGraphic	43926
1875.06.12_TheGraphic_0012	19	1875.06.12_TheGraphic	43926
1875.06.12_TheGraphic_0013	22	1875.06.12_TheGraphic	43926
1875.06.12_TheGraphic_0014	3541	1875.06.12_TheGraphic	43926
1875.06.12_TheGraphic_0015	3618	1875.06.12_TheGraphic	43926
1875.06.12_TheGraphic_0016	7	1875.06.12_TheGraphic	43926
1875.06.12_TheGraphic_0017	29	1875.06.12_TheGraphic	43926
1875.06.12_TheGraphic_0018	3474	1875.06.12_TheGraphic	43926
1875.06.12_TheGraphic_0019	3585	1875.06.12_TheGraphic	43926
1875.06.12_TheGraphic_0020	14	1875.06.12_TheGraphic	43926
1875.06.12_TheGraphic_0021	38	1875.06.12_TheGraphic	43926
1875.06.12_TheGraphic_0022	3321	1875.06.12_TheGraphic	43926
1875.06.12_TheGraphic_0023	4293	1875.06.12_TheGraphic	43926
1875.06.12_TheGraphic_0024	16	1875.06.12_TheGraphic	43926
1875.06.12_TheIpswichJournal_0001	2595	1875.06.12_TheIpswichJournal	82339
1875.06.12_TheIpswichJournal_0002	7433	1875.06.12_TheIpswichJournal	82339
1875.06.12_TheIpswichJournal_0003	7312	1875.06.12_TheIpswichJournal	82339
1875.06.12_TheIpswichJournal_0004	2909	1875.06.12_TheIpswichJournal	82339
1875.06.12_TheIpswichJournal_0005	10703	1875.06.12_TheIpswichJournal	82339
1875.06.12_TheIpswichJournal_0006	6187	1875.06.12_TheIpswichJournal	82339
1875.06.12_TheIpswichJournal_0007	8926	1875.06.12_TheIpswichJournal	82339
1875.06.12_TheIpswichJournal_0008	12009	1875.06.12_TheIpswichJournal	82339
1875.06.12_TheIpswichJournal_0009	12151	1875.06.12_TheIpswichJournal	82339
1875.06.12_TheIpswichJournal_0010	12114	1875.06.12_TheIpswichJournal	82339
1875.06.12_ThePallMallGazette_0001	1603	1875.06.12_ThePallMallGazette	41323
1875.06.12_ThePallMallGazette_0002	2074	1875.06.12_ThePallMallGazette	41323
1875.06.12_ThePallMallGazette_0003	2196	1875.06.12_ThePallMallGazette	41323
1875.06.12_ThePallMallGazette_0004	2148	1875.06.12_ThePallMallGazette	41323
1875.06.12_ThePallMallGazette_0005	3137	1875.06.12_ThePallMallGazette	41323
1875.06.12_ThePallMallGazette_0006	2371	1875.06.12_ThePallMallGazette	41323
1875.06.12_ThePallMallGazette_0007	3092	1875.06.12_ThePallMallGazette	41323
1875.06.12_ThePallMallGazette_0008	2512	1875.06.12_ThePallMallGazette	41323
1875.06.12_ThePallMallGazette_0009	2981	1875.06.12_ThePallMallGazette	41323
1875.06.12_ThePallMallGazette_0010	2264	1875.06.12_ThePallMallGazette	41323
1875.06.12_ThePallMallGazette_0011	2006	1875.06.12_ThePallMallGazette	41323
1875.06.12_ThePallMallGazette_0012	2567	1875.06.12_ThePallMallGazette	41323
1875.06.12_ThePallMallGazette_0013	3242	1875.06.12_ThePallMallGazette	41323
1875.06.12_ThePallMallGazette_0014	3844	1875.06.12_ThePallMallGazette	41323
1875.06.12_ThePallMallGazette_0015	2911	1875.06.12_ThePallMallGazette	41323
1875.06.12_ThePallMallGazette_0016	2375	1875.06.12_ThePallMallGazette	41323
1875.06.12_Times_0001	12180	1875.06.12_Times	255538
1875.06.12_Times_0002	13045	1875.06.12_Times	255538
1875.06.12_Times_0003	12543	1875.06.12_Times	255538
1875.06.12_Times_0004	14170	1875.06.12_Times	255538
1875.06.12_Times_0005	13972	1875.06.12_Times	255538
1875.06.12_Times_0006	5196	1875.06.12_Times	255538
1875.06.12_Times_0007	10248	1875.06.12_Times	255538
1875.06.12_Times_0008	23106	1875.06.12_Times	255538
1875.06.12_Times_0009	1544	1875.06.12_Times	255538
1875.06.12_Times_0010	10805	1875.06.12_Times	255538
1875.06.12_Times_0011	7992	1875.06.12_Times	255538
1875.06.12_Times_0012	9882	1875.06.12_Times	255538
1875.06.12_Times_0013	11616	1875.06.12_Times	255538
1875.06.12_Times_0014	12610	1875.06.12_Times	255538
1875.06.12_Times_0015	14673	1875.06.12_Times	255538
1875.06.12_Times_0016	16359	1875.06.12_Times	255538
1875.06.12_Times_0017	16401	1875.06.12_Times	255538
1875.06.12_Times_0018	16980	1875.06.12_Times	255538
1875.06.12_Times_0019	16381	1875.06.12_Times	255538
1875.06.12_Times_0020	15835	1875.06.12_Times	255538
1875.06.12_WesternMail_0001	9302	1875.06.12_WesternMail	86111
1875.06.12_WesternMail_0002	10720	1875.06.12_WesternMail	86111
1875.06.12_WesternMail_0003	8709	1875.06.12_WesternMail	86111
1875.06.12_WesternMail_0004	9146	1875.06.12_WesternMail	86111
1875.06.12_WesternMail_0005	12623	1875.06.12_WesternMail	86111
1875.06.12_WesternMail_0006	13929	1875.06.12_WesternMail	86111
1875.06.12_WesternMail_0007	10730	1875.06.12_WesternMail	86111
1875.06.12_WesternMail_0008	10952	1875.06.12_WesternMail	86111
1875.06.12_YGoleuad_0001	1456	1875.06.12_YGoleuad	42883
1875.06.12_YGoleuad_0002	2635	1875.06.12_YGoleuad	42883
1875.06.12_YGoleuad_0003	2104	1875.06.12_YGoleuad	42883
1875.06.12_YGoleuad_0004	2738	1875.06.12_YGoleuad	42883
1875.06.12_YGoleuad_0005	3338	1875.06.12_YGoleuad	42883
1875.06.12_YGoleuad_0006	3186	1875.06.12_YGoleuad	42883
1875.06.12_YGoleuad_0007	3337	1875.06.12_YGoleuad	42883
1875.06.12_YGoleuad_0008	2199	1875.06.12_YGoleuad	42883
1875.06.12_YGoleuad_0009	2538	1875.06.12_YGoleuad	42883
1875.06.12_YGoleuad_0010	2335	1875.06.12_YGoleuad	42883
1875.06.12_YGoleuad_0011	3189	1875.06.12_YGoleuad	42883
1875.06.12_YGoleuad_0012	3133	1875.06.12_YGoleuad	42883
1875.06.12_YGoleuad_0013	2908	1875.06.12_YGoleuad	42883
1875.06.12_YGoleuad_0014	2925	1875.06.12_YGoleuad	42883
1875.06.12_YGoleuad_0015	3095	1875.06.12_YGoleuad	42883
1875.06.12_YGoleuad_0016	1767	1875.06.12_YGoleuad	42883
1875.06.13_Lloyd'sWeeklyNewspaper_0001	5849	1875.06.13_Lloyd'sWeeklyNewspaper	77159
1875.06.13_Lloyd'sWeeklyNewspaper_0002	7848	1875.06.13_Lloyd'sWeeklyNewspaper	77159
1875.06.13_Lloyd'sWeeklyNewspaper_0003	8125	1875.06.13_Lloyd'sWeeklyNewspaper	77159
1875.06.13_Lloyd'sWeeklyNewspaper_0004	7501	1875.06.13_Lloyd'sWeeklyNewspaper	77159
1875.06.13_Lloyd'sWeeklyNewspaper_0005	7795	1875.06.13_Lloyd'sWeeklyNewspaper	77159
1875.06.13_Lloyd'sWeeklyNewspaper_0006	4936	1875.06.13_Lloyd'sWeeklyNewspaper	77159
1875.06.13_Lloyd'sWeeklyNewspaper_0007	7374	1875.06.13_Lloyd'sWeeklyNewspaper	77159
1875.06.13_Lloyd'sWeeklyNewspaper_0008	5360	1875.06.13_Lloyd'sWeeklyNewspaper	77159
1875.06.13_Lloyd'sWeeklyNewspaper_0009	3397	1875.06.13_Lloyd'sWeeklyNewspaper	77159
1875.06.13_Lloyd'sWeeklyNewspaper_0010	4392	1875.06.13_Lloyd'sWeeklyNewspaper	77159
1875.06.13_Lloyd'sWeeklyNewspaper_0011	7364	1875.06.13_Lloyd'sWeeklyNewspaper	77159
1875.06.13_Lloyd'sWeeklyNewspaper_0012	7218	1875.06.13_Lloyd'sWeeklyNewspaper	77159
1875.06.13_Reynolds'sNewspaper_0001	9444	1875.06.13_Reynolds'sNewspaper	82075
1875.06.13_Reynolds'sNewspaper_0002	11572	1875.06.13_Reynolds'sNewspaper	82075
1875.06.13_Reynolds'sNewspaper_0003	10384	1875.06.13_Reynolds'sNewspaper	82075
1875.06.13_Reynolds'sNewspaper_0004	9765	1875.06.13_Reynolds'sNewspaper	82075
1875.06.13_Reynolds'sNewspaper_0005	10244	1875.06.13_Reynolds'sNewspaper	82075
1875.06.13_Reynolds'sNewspaper_0006	10707	1875.06.13_Reynolds'sNewspaper	82075
1875.06.13_Reynolds'sNewspaper_0007	9166	1875.06.13_Reynolds'sNewspaper	82075
1875.06.13_Reynolds'sNewspaper_0008	10793	1875.06.13_Reynolds'sNewspaper	82075
1875.06.13_TheEra_0001	3505	1875.06.13_TheEra	95401
1875.06.13_TheEra_0002	5926	1875.06.13_TheEra	95401
1875.06.13_TheEra_0003	6524	1875.06.13_TheEra	95401
1875.06.13_TheEra_0004	6786	1875.06.13_TheEra	95401
1875.06.13_TheEra_0005	7166	1875.06.13_TheEra	95401
1875.06.13_TheEra_0006	6958	1875.06.13_TheEra	95401
1875.06.13_TheEra_0007	7457	1875.06.13_TheEra	95401
1875.06.13_TheEra_0008	6069	1875.06.13_TheEra	95401
1875.06.13_TheEra_0009	5817	1875.06.13_TheEra	95401
1875.06.13_TheEra_0010	6532	1875.06.13_TheEra	95401
1875.06.13_TheEra_0011	6627	1875.06.13_TheEra	95401
1875.06.13_TheEra_0012	5303	1875.06.13_TheEra	95401
1875.06.13_TheEra_0013	5142	1875.06.13_TheEra	95401
1875.06.13_TheEra_0014	5304	1875.06.13_TheEra	95401
1875.06.13_TheEra_0015	5259	1875.06.13_TheEra	95401
1875.06.13_TheEra_0016	5026	1875.06.13_TheEra	95401
1875.06.14_BirminghamDailyPost_0001	10376	1875.06.14_BirminghamDailyPost	85593
1875.06.14_BirminghamDailyPost_0002	10603	1875.06.14_BirminghamDailyPost	85593
1875.06.14_BirminghamDailyPost_0003	10193	1875.06.14_BirminghamDailyPost	85593
1875.06.14_BirminghamDailyPost_0004	8988	1875.06.14_BirminghamDailyPost	85593
1875.06.14_BirminghamDailyPost_0005	11116	1875.06.14_BirminghamDailyPost	85593
1875.06.14_BirminghamDailyPost_0006	12822	1875.06.14_BirminghamDailyPost	85593
1875.06.14_BirminghamDailyPost_0007	11317	1875.06.14_BirminghamDailyPost	85593
1875.06.14_BirminghamDailyPost_0008	10178	1875.06.14_BirminghamDailyPost	85593
1875.06.14_DailyNews_0001	12011	1875.06.14_DailyNews	99596
1875.06.14_DailyNews_0002	13994	1875.06.14_DailyNews	99596
1875.06.14_DailyNews_0003	13621	1875.06.14_DailyNews	99596
1875.06.14_DailyNews_0004	9539	1875.06.14_DailyNews	99596
1875.06.14_DailyNews_0005	10098	1875.06.14_DailyNews	99596
1875.06.14_DailyNews_0006	14333	1875.06.14_DailyNews	99596
1875.06.14_DailyNews_0007	9663	1875.06.14_DailyNews	99596
1875.06.14_DailyNews_0008	16337	1875.06.14_DailyNews	99596
1875.06.14_Freeman'sJournalandDailyCommercialAdvertiser_0001	7663	1875.06.14_Freeman'sJournalandDailyCommercialAdvertiser	69451
1875.06.14_Freeman'sJournalandDailyCommercialAdvertiser_0002	9763	1875.06.14_Freeman'sJournalandDailyCommercialAdvertiser	69451
1875.06.14_Freeman'sJournalandDailyCommercialAdvertiser_0003	9630	1875.06.14_Freeman'sJournalandDailyCommercialAdvertiser	69451
1875.06.14_Freeman'sJournalandDailyCommercialAdvertiser_0004	6537	1875.06.14_Freeman'sJournalandDailyCommercialAdvertiser	69451
1875.06.14_Freeman'sJournalandDailyCommercialAdvertiser_0005	7783	1875.06.14_Freeman'sJournalandDailyCommercialAdvertiser	69451
1875.06.14_Freeman'sJournalandDailyCommercialAdvertiser_0006	8832	1875.06.14_Freeman'sJournalandDailyCommercialAdvertiser	69451
1875.06.14_Freeman'sJournalandDailyCommercialAdvertiser_0007	10241	1875.06.14_Freeman'sJournalandDailyCommercialAdvertiser	69451
1875.06.14_Freeman'sJournalandDailyCommercialAdvertiser_0008	9002	1875.06.14_Freeman'sJournalandDailyCommercialAdvertiser	69451
1875.06.14_GlasgowHerald_0001	8000	1875.06.14_GlasgowHerald	89533
1875.06.14_GlasgowHerald_0002	7509	1875.06.14_GlasgowHerald	89533
1875.06.14_GlasgowHerald_0003	8757	1875.06.14_GlasgowHerald	89533
1875.06.14_GlasgowHerald_0004	12023	1875.06.14_GlasgowHerald	89533
1875.06.14_GlasgowHerald_0005	14546	1875.06.14_GlasgowHerald	89533
1875.06.14_GlasgowHerald_0006	15107	1875.06.14_GlasgowHerald	89533
1875.06.14_GlasgowHerald_0007	12534	1875.06.14_GlasgowHerald	89533
1875.06.14_GlasgowHerald_0008	11057	1875.06.14_GlasgowHerald	89533
1875.06.14_LiverpoolMercuryetc_0001	10960	1875.06.14_LiverpoolMercuryetc	98155
1875.06.14_LiverpoolMercuryetc_0002	12223	1875.06.14_LiverpoolMercuryetc	98155
1875.06.14_LiverpoolMercuryetc_0003	14013	1875.06.14_LiverpoolMercuryetc	98155
1875.06.14_LiverpoolMercuryetc_0004	11385	1875.06.14_LiverpoolMercuryetc	98155
1875.06.14_LiverpoolMercuryetc_0005	11840	1875.06.14_LiverpoolMercuryetc	98155
1875.06.14_LiverpoolMercuryetc_0006	13861	1875.06.14_LiverpoolMercuryetc	98155
1875.06.14_LiverpoolMercuryetc_0007	13004	1875.06.14_LiverpoolMercuryetc	98155
1875.06.14_LiverpoolMercuryetc_0008	10869	1875.06.14_LiverpoolMercuryetc	98155
1875.06.14_NorthernEcho_0001	6866	1875.06.14_NorthernEcho	32668
1875.06.14_NorthernEcho_0002	7977	1875.06.14_NorthernEcho	32668
1875.06.14_NorthernEcho_0003	8816	1875.06.14_NorthernEcho	32668
1875.06.14_NorthernEcho_0004	9009	1875.06.14_NorthernEcho	32668
1875.06.14_ThePallMallGazette_0001	1689	1875.06.14_ThePallMallGazette	38662
1875.06.14_ThePallMallGazette_0002	2201	1875.06.14_ThePallMallGazette	38662
1875.06.14_ThePallMallGazette_0003	2702	1875.06.14_ThePallMallGazette	38662
1875.06.14_ThePallMallGazette_0004	2099	1875.06.14_ThePallMallGazette	38662
1875.06.14_ThePallMallGazette_0005	2098	1875.06.14_ThePallMallGazette	38662
1875.06.14_ThePallMallGazette_0006	2392	1875.06.14_ThePallMallGazette	38662
1875.06.14_ThePallMallGazette_0007	2450	1875.06.14_ThePallMallGazette	38662
1875.06.14_ThePallMallGazette_0008	2608	1875.06.14_ThePallMallGazette	38662
1875.06.14_ThePallMallGazette_0009	3165	1875.06.14_ThePallMallGazette	38662
1875.06.14_ThePallMallGazette_0010	2108	1875.06.14_ThePallMallGazette	38662
1875.06.14_ThePallMallGazette_0011	2235	1875.06.14_ThePallMallGazette	38662
1875.06.14_ThePallMallGazette_0012	2170	1875.06.14_ThePallMallGazette	38662
1875.06.14_ThePallMallGazette_0013	3226	1875.06.14_ThePallMallGazette	38662
1875.06.14_ThePallMallGazette_0014	3220	1875.06.14_ThePallMallGazette	38662
1875.06.14_ThePallMallGazette_0015	2961	1875.06.14_ThePallMallGazette	38662
1875.06.14_ThePallMallGazette_0016	1338	1875.06.14_ThePallMallGazette	38662
1875.06.14_Times_0001	12270	1875.06.14_Times	238185
1875.06.14_Times_0002	12984	1875.06.14_Times	238185
1875.06.14_Times_0003	11672	1875.06.14_Times	238185
1875.06.14_Times_0004	13755	1875.06.14_Times	238185
1875.06.14_Times_0005	15424	1875.06.14_Times	238185
1875.06.14_Times_0006	5506	1875.06.14_Times	238185
1875.06.14_Times_0007	9019	1875.06.14_Times	238185
1875.06.14_Times_0008	11941	1875.06.14_Times	238185
1875.06.14_Times_0009	11436	1875.06.14_Times	238185
1875.06.14_Times_0010	12993	1875.06.14_Times	238185
1875.06.14_Times_0011	8407	1875.06.14_Times	238185
1875.06.14_Times_0012	9159	1875.06.14_Times	238185
1875.06.14_Times_0013	11734	1875.06.14_Times	238185
1875.06.14_Times_0014	12126	1875.06.14_Times	238185
1875.06.14_Times_0015	13458	1875.06.14_Times	238185
1875.06.14_Times_0016	14109	1875.06.14_Times	238185
1875.06.14_Times_0017	12725	1875.06.14_Times	238185
1875.06.14_Times_0018	12220	1875.06.14_Times	238185
1875.06.14_Times_0019	13711	1875.06.14_Times	238185
1875.06.14_Times_0020	13536	1875.06.14_Times	238185
1875.06.14_WesternMail_0001	9667	1875.06.14_WesternMail	84549
1875.06.14_WesternMail_0002	9093	1875.06.14_WesternMail	84549
1875.06.14_WesternMail_0003	8219	1875.06.14_WesternMail	84549
1875.06.14_WesternMail_0004	8806	1875.06.14_WesternMail	84549
1875.06.14_WesternMail_0005	12001	1875.06.14_WesternMail	84549
1875.06.14_WesternMail_0006	13274	1875.06.14_WesternMail	84549
1875.06.14_WesternMail_0007	11891	1875.06.14_WesternMail	84549
1875.06.14_WesternMail_0008	11598	1875.06.14_WesternMail	84549
1875.06.15_BirminghamDailyPost_0001	8438	1875.06.15_BirminghamDailyPost	84629
1875.06.15_BirminghamDailyPost_0002	10833	1875.06.15_BirminghamDailyPost	84629
1875.06.15_BirminghamDailyPost_0003	9971	1875.06.15_BirminghamDailyPost	84629
1875.06.15_BirminghamDailyPost_0004	8798	1875.06.15_BirminghamDailyPost	84629
1875.06.15_BirminghamDailyPost_0005	10762	1875.06.15_BirminghamDailyPost	84629
1875.06.15_BirminghamDailyPost_0006	12744	1875.06.15_BirminghamDailyPost	84629
1875.06.15_BirminghamDailyPost_0007	11568	1875.06.15_BirminghamDailyPost	84629
1875.06.15_BirminghamDailyPost_0008	11515	1875.06.15_BirminghamDailyPost	84629
1875.06.15_DailyNews_0001	9794	1875.06.15_DailyNews	79703
1875.06.15_DailyNews_0002	12282	1875.06.15_DailyNews	79703
1875.06.15_DailyNews_0003	11640	1875.06.15_DailyNews	79703
1875.06.15_DailyNews_0004	9089	1875.06.15_DailyNews	79703
1875.06.15_DailyNews_0005	8732	1875.06.15_DailyNews	79703
1875.06.15_DailyNews_0006	11245	1875.06.15_DailyNews	79703
1875.06.15_DailyNews_0007	5434	1875.06.15_DailyNews	79703
1875.06.15_DailyNews_0008	11487	1875.06.15_DailyNews	79703
1875.06.15_Freeman'sJournalandDailyCommercialAdvertiser_0001	7507	1875.06.15_Freeman'sJournalandDailyCommercialAdvertiser	67132
1875.06.15_Freeman'sJournalandDailyCommercialAdvertiser_0002	9814	1875.06.15_Freeman'sJournalandDailyCommercialAdvertiser	67132
1875.06.15_Freeman'sJournalandDailyCommercialAdvertiser_0003	9909	1875.06.15_Freeman'sJournalandDailyCommercialAdvertiser	67132
1875.06.15_Freeman'sJournalandDailyCommercialAdvertiser_0004	5541	1875.06.15_Freeman'sJournalandDailyCommercialAdvertiser	67132
1875.06.15_Freeman'sJournalandDailyCommercialAdvertiser_0005	7958	1875.06.15_Freeman'sJournalandDailyCommercialAdvertiser	67132
1875.06.15_Freeman'sJournalandDailyCommercialAdvertiser_0006	8851	1875.06.15_Freeman'sJournalandDailyCommercialAdvertiser	67132
1875.06.15_Freeman'sJournalandDailyCommercialAdvertiser_0007	10033	1875.06.15_Freeman'sJournalandDailyCommercialAdvertiser	67132
1875.06.15_Freeman'sJournalandDailyCommercialAdvertiser_0008	7519	1875.06.15_Freeman'sJournalandDailyCommercialAdvertiser	67132
1875.06.15_GlasgowHerald_0001	6788	1875.06.15_GlasgowHerald	76875
1875.06.15_GlasgowHerald_0002	9265	1875.06.15_GlasgowHerald	76875
1875.06.15_GlasgowHerald_0003	11852	1875.06.15_GlasgowHerald	76875
1875.06.15_GlasgowHerald_0004	9888	1875.06.15_GlasgowHerald	76875
1875.06.15_GlasgowHerald_0005	11982	1875.06.15_GlasgowHerald	76875
1875.06.15_GlasgowHerald_0006	10044	1875.06.15_GlasgowHerald	76875
1875.06.15_GlasgowHerald_0007	11051	1875.06.15_GlasgowHerald	76875
1875.06.15_GlasgowHerald_0008	6005	1875.06.15_GlasgowHerald	76875
1875.06.15_LiverpoolMercuryetc_0001	10899	1875.06.15_LiverpoolMercuryetc	102522
1875.06.15_LiverpoolMercuryetc_0002	11065	1875.06.15_LiverpoolMercuryetc	102522
1875.06.15_LiverpoolMercuryetc_0003	13129	1875.06.15_LiverpoolMercuryetc	102522
1875.06.15_LiverpoolMercuryetc_0004	14059	1875.06.15_LiverpoolMercuryetc	102522
1875.06.15_LiverpoolMercuryetc_0005	13446	1875.06.15_LiverpoolMercuryetc	102522
1875.06.15_LiverpoolMercuryetc_0006	13374	1875.06.15_LiverpoolMercuryetc	102522
1875.06.15_LiverpoolMercuryetc_0007	13198	1875.06.15_LiverpoolMercuryetc	102522
1875.06.15_LiverpoolMercuryetc_0008	13352	1875.06.15_LiverpoolMercuryetc	102522
1875.06.15_NorthernEcho_0001	6954	1875.06.15_NorthernEcho	32081
1875.06.15_NorthernEcho_0002	7721	1875.06.15_NorthernEcho	32081
1875.06.15_NorthernEcho_0003	8320	1875.06.15_NorthernEcho	32081
1875.06.15_NorthernEcho_0004	9086	1875.06.15_NorthernEcho	32081
1875.06.15_TheIpswichJournal_0001	4667	1875.06.15_TheIpswichJournal	29066
1875.06.15_TheIpswichJournal_0002	6866	1875.06.15_TheIpswichJournal	29066
1875.06.15_TheIpswichJournal_0003	8594	1875.06.15_TheIpswichJournal	29066
1875.06.15_TheIpswichJournal_0004	8939	1875.06.15_TheIpswichJournal	29066
1875.06.15_ThePallMallGazette_0001	1533	1875.06.15_ThePallMallGazette	37428
1875.06.15_ThePallMallGazette_0002	2023	1875.06.15_ThePallMallGazette	37428
1875.06.15_ThePallMallGazette_0003	2112	1875.06.15_ThePallMallGazette	37428
1875.06.15_ThePallMallGazette_0004	2131	1875.06.15_ThePallMallGazette	37428
1875.06.15_ThePallMallGazette_0005	2705	1875.06.15_ThePallMallGazette	37428
1875.06.15_ThePallMallGazette_0006	2495	1875.06.15_ThePallMallGazette	37428
1875.06.15_ThePallMallGazette_0007	2707	1875.06.15_ThePallMallGazette	37428
1875.06.15_ThePallMallGazette_0008	2107	1875.06.15_ThePallMallGazette	37428
1875.06.15_ThePallMallGazette_0009	3057	1875.06.15_ThePallMallGazette	37428
1875.06.15_ThePallMallGazette_0010	2316	1875.06.15_ThePallMallGazette	37428
1875.06.15_ThePallMallGazette_0011	2352	1875.06.15_ThePallMallGazette	37428
1875.06.15_ThePallMallGazette_0012	2225	1875.06.15_ThePallMallGazette	37428
1875.06.15_ThePallMallGazette_0013	3170	1875.06.15_ThePallMallGazette	37428
1875.06.15_ThePallMallGazette_0014	3051	1875.06.15_ThePallMallGazette	37428
1875.06.15_ThePallMallGazette_0015	2763	1875.06.15_ThePallMallGazette	37428
1875.06.15_ThePallMallGazette_0016	681	1875.06.15_ThePallMallGazette	37428
1875.06.15_Times_0001	12353	1875.06.15_Times	184729
1875.06.15_Times_0002	13474	1875.06.15_Times	184729
1875.06.15_Times_0003	12522	1875.06.15_Times	184729
1875.06.15_Times_0004	5623	1875.06.15_Times	184729
1875.06.15_Times_0005	9481	1875.06.15_Times	184729
1875.06.15_Times_0006	26004	1875.06.15_Times	184729
1875.06.15_Times_0007	0	1875.06.15_Times	184729
1875.06.15_Times_0008	10468	1875.06.15_Times	184729
1875.06.15_Times_0009	7488	1875.06.15_Times	184729
1875.06.15_Times_0010	9645	1875.06.15_Times	184729
1875.06.15_Times_0011	11758	1875.06.15_Times	184729
1875.06.15_Times_0012	10216	1875.06.15_Times	184729
1875.06.15_Times_0013	15186	1875.06.15_Times	184729
1875.06.15_Times_0014	12860	1875.06.15_Times	184729
1875.06.15_Times_0015	12761	1875.06.15_Times	184729
1875.06.15_Times_0016	14890	1875.06.15_Times	184729
1875.06.15_WesternMail_0001	7803	1875.06.15_WesternMail	72584
1875.06.15_WesternMail_0002	9190	1875.06.15_WesternMail	72584
1875.06.15_WesternMail_0003	8288	1875.06.15_WesternMail	72584
1875.06.15_WesternMail_0004	7837	1875.06.15_WesternMail	72584
1875.06.15_WesternMail_0005	9911	1875.06.15_WesternMail	72584
1875.06.15_WesternMail_0006	11364	1875.06.15_WesternMail	72584
1875.06.15_WesternMail_0007	8643	1875.06.15_WesternMail	72584
1875.06.15_WesternMail_0008	9548	1875.06.15_WesternMail	72584
1875.06.16_BaneracAmserauCymru_0001	2555	1875.06.16_BaneracAmserauCymru	69823
1875.06.16_BaneracAmserauCymru_0002	3814	1875.06.16_BaneracAmserauCymru	69823
1875.06.16_BaneracAmserauCymru_0003	3062	1875.06.16_BaneracAmserauCymru	69823
1875.06.16_BaneracAmserauCymru_0004	4264	1875.06.16_BaneracAmserauCymru	69823
1875.06.16_BaneracAmserauCymru_0005	5102	1875.06.16_BaneracAmserauCymru	69823
1875.06.16_BaneracAmserauCymru_0006	4719	1875.06.16_BaneracAmserauCymru	69823
1875.06.16_BaneracAmserauCymru_0007	4539	1875.06.16_BaneracAmserauCymru	69823
1875.06.16_BaneracAmserauCymru_0008	4430	1875.06.16_BaneracAmserauCymru	69823
1875.06.16_BaneracAmserauCymru_0009	4167	1875.06.16_BaneracAmserauCymru	69823
1875.06.16_BaneracAmserauCymru_0010	5129	1875.06.16_BaneracAmserauCymru	69823
1875.06.16_BaneracAmserauCymru_0011	4707	1875.06.16_BaneracAmserauCymru	69823
1875.06.16_BaneracAmserauCymru_0012	4874	1875.06.16_BaneracAmserauCymru	69823
1875.06.16_BaneracAmserauCymru_0013	5292	1875.06.16_BaneracAmserauCymru	69823
1875.06.16_BaneracAmserauCymru_0014	5808	1875.06.16_BaneracAmserauCymru	69823
1875.06.16_BaneracAmserauCymru_0015	4271	1875.06.16_BaneracAmserauCymru	69823
1875.06.16_BaneracAmserauCymru_0016	3090	1875.06.16_BaneracAmserauCymru	69823
1875.06.16_BirminghamDailyPost_0001	8997	1875.06.16_BirminghamDailyPost	85142
1875.06.16_BirminghamDailyPost_0002	11016	1875.06.16_BirminghamDailyPost	85142
1875.06.16_BirminghamDailyPost_0003	10732	1875.06.16_BirminghamDailyPost	85142
1875.06.16_BirminghamDailyPost_0004	9347	1875.06.16_BirminghamDailyPost	85142
1875.06.16_BirminghamDailyPost_0005	12380	1875.06.16_BirminghamDailyPost	85142
1875.06.16_BirminghamDailyPost_0006	11419	1875.06.16_BirminghamDailyPost	85142
1875.06.16_BirminghamDailyPost_0007	11115	1875.06.16_BirminghamDailyPost	85142
1875.06.16_BirminghamDailyPost_0008	10136	1875.06.16_BirminghamDailyPost	85142
1875.06.16_DailyNews_0001	12007	1875.06.16_DailyNews	96279
1875.06.16_DailyNews_0002	13100	1875.06.16_DailyNews	96279
1875.06.16_DailyNews_0003	15018	1875.06.16_DailyNews	96279
1875.06.16_DailyNews_0004	10650	1875.06.16_DailyNews	96279
1875.06.16_DailyNews_0005	10301	1875.06.16_DailyNews	96279
1875.06.16_DailyNews_0006	14670	1875.06.16_DailyNews	96279
1875.06.16_DailyNews_0007	10064	1875.06.16_DailyNews	96279
1875.06.16_DailyNews_0008	10469	1875.06.16_DailyNews	96279
1875.06.16_Freeman'sJournalandDailyCommercialAdvertiser_0001	7331	1875.06.16_Freeman'sJournalandDailyCommercialAdvertiser	67120
1875.06.16_Freeman'sJournalandDailyCommercialAdvertiser_0002	8064	1875.06.16_Freeman'sJournalandDailyCommercialAdvertiser	67120
1875.06.16_Freeman'sJournalandDailyCommercialAdvertiser_0003	10513	1875.06.16_Freeman'sJournalandDailyCommercialAdvertiser	67120
1875.06.16_Freeman'sJournalandDailyCommercialAdvertiser_0004	6527	1875.06.16_Freeman'sJournalandDailyCommercialAdvertiser	67120
1875.06.16_Freeman'sJournalandDailyCommercialAdvertiser_0005	7475	1875.06.16_Freeman'sJournalandDailyCommercialAdvertiser	67120
1875.06.16_Freeman'sJournalandDailyCommercialAdvertiser_0006	8809	1875.06.16_Freeman'sJournalandDailyCommercialAdvertiser	67120
1875.06.16_Freeman'sJournalandDailyCommercialAdvertiser_0007	9944	1875.06.16_Freeman'sJournalandDailyCommercialAdvertiser	67120
1875.06.16_Freeman'sJournalandDailyCommercialAdvertiser_0008	8457	1875.06.16_Freeman'sJournalandDailyCommercialAdvertiser	67120
1875.06.16_GlasgowHerald_0001	8173	1875.06.16_GlasgowHerald	97022
1875.06.16_GlasgowHerald_0002	10617	1875.06.16_GlasgowHerald	97022
1875.06.16_GlasgowHerald_0003	13792	1875.06.16_GlasgowHerald	97022
1875.06.16_GlasgowHerald_0004	12850	1875.06.16_GlasgowHerald	97022
1875.06.16_GlasgowHerald_0005	13983	1875.06.16_GlasgowHerald	97022
1875.06.16_GlasgowHerald_0006	13605	1875.06.16_GlasgowHerald	97022
1875.06.16_GlasgowHerald_0007	12418	1875.06.16_GlasgowHerald	97022
1875.06.16_GlasgowHerald_0008	11584	1875.06.16_GlasgowHerald	97022
1875.06.16_HampshireTelegraphandSussexChronicleetc_0001	3324	1875.06.16_HampshireTelegraphandSussexChronicleetc	61955
1875.06.16_HampshireTelegraphandSussexChronicleetc_0002	9685	1875.06.16_HampshireTelegraphandSussexChronicleetc	61955
1875.06.16_HampshireTelegraphandSussexChronicleetc_0003	6822	1875.06.16_HampshireTelegraphandSussexChronicleetc	61955
1875.06.16_HampshireTelegraphandSussexChronicleetc_0004	6171	1875.06.16_HampshireTelegraphandSussexChronicleetc	61955
1875.06.16_HampshireTelegraphandSussexChronicleetc_0005	18468	1875.06.16_HampshireTelegraphandSussexChronicleetc	61955
1875.06.16_HampshireTelegraphandSussexChronicleetc_0006	17485	1875.06.16_HampshireTelegraphandSussexChronicleetc	61955
1875.06.16_LiverpoolMercuryetc_0001	10804	1875.06.16_LiverpoolMercuryetc	93573
1875.06.16_LiverpoolMercuryetc_0002	10284	1875.06.16_LiverpoolMercuryetc	93573
1875.06.16_LiverpoolMercuryetc_0003	12690	1875.06.16_LiverpoolMercuryetc	93573
1875.06.16_LiverpoolMercuryetc_0004	10215	1875.06.16_LiverpoolMercuryetc	93573
1875.06.16_LiverpoolMercuryetc_0005	11239	1875.06.16_LiverpoolMercuryetc	93573
1875.06.16_LiverpoolMercuryetc_0006	12319	1875.06.16_LiverpoolMercuryetc	93573
1875.06.16_LiverpoolMercuryetc_0007	12561	1875.06.16_LiverpoolMercuryetc	93573
1875.06.16_LiverpoolMercuryetc_0008	13461	1875.06.16_LiverpoolMercuryetc	93573
1875.06.16_NorthernEcho_0001	6565	1875.06.16_NorthernEcho	31827
1875.06.16_NorthernEcho_0002	7670	1875.06.16_NorthernEcho	31827
1875.06.16_NorthernEcho_0003	8185	1875.06.16_NorthernEcho	31827
1875.06.16_NorthernEcho_0004	9407	1875.06.16_NorthernEcho	31827
1875.06.16_TheAberdeenJournal_0001	8390	1875.06.16_TheAberdeenJournal	98626
1875.06.16_TheAberdeenJournal_0002	13478	1875.06.16_TheAberdeenJournal	98626
1875.06.16_TheAberdeenJournal_0003	14010	1875.06.16_TheAberdeenJournal	98626
1875.06.16_TheAberdeenJournal_0004	9458	1875.06.16_TheAberdeenJournal	98626
1875.06.16_TheAberdeenJournal_0005	13820	1875.06.16_TheAberdeenJournal	98626
1875.06.16_TheAberdeenJournal_0006	13965	1875.06.16_TheAberdeenJournal	98626
1875.06.16_TheAberdeenJournal_0007	13993	1875.06.16_TheAberdeenJournal	98626
1875.06.16_TheAberdeenJournal_0008	11512	1875.06.16_TheAberdeenJournal	98626
1875.06.16_TheDerbyMercury_0001	8218	1875.06.16_TheDerbyMercury	90545
1875.06.16_TheDerbyMercury_0002	14038	1875.06.16_TheDerbyMercury	90545
1875.06.16_TheDerbyMercury_0003	14984	1875.06.16_TheDerbyMercury	90545
1875.06.16_TheDerbyMercury_0004	6408	1875.06.16_TheDerbyMercury	90545
1875.06.16_TheDerbyMercury_0005	11394	1875.06.16_TheDerbyMercury	90545
1875.06.16_TheDerbyMercury_0006	13864	1875.06.16_TheDerbyMercury	90545
1875.06.16_TheDerbyMercury_0007	10721	1875.06.16_TheDerbyMercury	90545
1875.06.16_TheDerbyMercury_0008	10918	1875.06.16_TheDerbyMercury	90545
1875.06.16_ThePallMallGazette_0001	1641	1875.06.16_ThePallMallGazette	38696
1875.06.16_ThePallMallGazette_0002	2072	1875.06.16_ThePallMallGazette	38696
1875.06.16_ThePallMallGazette_0003	2156	1875.06.16_ThePallMallGazette	38696
1875.06.16_ThePallMallGazette_0004	2126	1875.06.16_ThePallMallGazette	38696
1875.06.16_ThePallMallGazette_0005	2724	1875.06.16_ThePallMallGazette	38696
1875.06.16_ThePallMallGazette_0006	2365	1875.06.16_ThePallMallGazette	38696
1875.06.16_ThePallMallGazette_0007	2433	1875.06.16_ThePallMallGazette	38696
1875.06.16_ThePallMallGazette_0008	1912	1875.06.16_ThePallMallGazette	38696
1875.06.16_ThePallMallGazette_0009	3164	1875.06.16_ThePallMallGazette	38696
1875.06.16_ThePallMallGazette_0010	2297	1875.06.16_ThePallMallGazette	38696
1875.06.16_ThePallMallGazette_0011	2282	1875.06.16_ThePallMallGazette	38696
1875.06.16_ThePallMallGazette_0012	2223	1875.06.16_ThePallMallGazette	38696
1875.06.16_ThePallMallGazette_0013	3276	1875.06.16_ThePallMallGazette	38696
1875.06.16_ThePallMallGazette_0014	3459	1875.06.16_ThePallMallGazette	38696
1875.06.16_ThePallMallGazette_0015	3273	1875.06.16_ThePallMallGazette	38696
1875.06.16_ThePallMallGazette_0016	1293	1875.06.16_ThePallMallGazette	38696
1875.06.16_Times_0001	12700	1875.06.16_Times	241410
1875.06.16_Times_0002	13269	1875.06.16_Times	241410
1875.06.16_Times_0003	11473	1875.06.16_Times	241410
1875.06.16_Times_0004	13966	1875.06.16_Times	241410
1875.06.16_Times_0005	15205	1875.06.16_Times	241410
1875.06.16_Times_0006	5673	1875.06.16_Times	241410
1875.06.16_Times_0007	9867	1875.06.16_Times	241410
1875.06.16_Times_0008	19681	1875.06.16_Times	241410
1875.06.16_Times_0009	3995	1875.06.16_Times	241410
1875.06.16_Times_0010	11974	1875.06.16_Times	241410
1875.06.16_Times_0011	8493	1875.06.16_Times	241410
1875.06.16_Times_0012	9803	1875.06.16_Times	241410
1875.06.16_Times_0013	12054	1875.06.16_Times	241410
1875.06.16_Times_0014	9246	1875.06.16_Times	241410
1875.06.16_Times_0015	14220	1875.06.16_Times	241410
1875.06.16_Times_0016	14105	1875.06.16_Times	241410
1875.06.16_Times_0017	13310	1875.06.16_Times	241410
1875.06.16_Times_0018	12823	1875.06.16_Times	241410
1875.06.16_Times_0019	15355	1875.06.16_Times	241410
1875.06.16_Times_0020	14198	1875.06.16_Times	241410
1875.06.16_Trewman'sExeterFlyingPostorPlymouthandCornishAdvertiser_0001	8525	1875.06.16_Trewman'sExeterFlyingPostorPlymouthandCornishAdvertiser	92076
1875.06.16_Trewman'sExeterFlyingPostorPlymouthandCornishAdvertiser_0002	11016	1875.06.16_Trewman'sExeterFlyingPostorPlymouthandCornishAdvertiser	92076
1875.06.16_Trewman'sExeterFlyingPostorPlymouthandCornishAdvertiser_0003	13175	1875.06.16_Trewman'sExeterFlyingPostorPlymouthandCornishAdvertiser	92076
1875.06.16_Trewman'sExeterFlyingPostorPlymouthandCornishAdvertiser_0004	5898	1875.06.16_Trewman'sExeterFlyingPostorPlymouthandCornishAdvertiser	92076
1875.06.16_Trewman'sExeterFlyingPostorPlymouthandCornishAdvertiser_0005	11558	1875.06.16_Trewman'sExeterFlyingPostorPlymouthandCornishAdvertiser	92076
1875.06.16_Trewman'sExeterFlyingPostorPlymouthandCornishAdvertiser_0006	15956	1875.06.16_Trewman'sExeterFlyingPostorPlymouthandCornishAdvertiser	92076
1875.06.16_Trewman'sExeterFlyingPostorPlymouthandCornishAdvertiser_0007	13282	1875.06.16_Trewman'sExeterFlyingPostorPlymouthandCornishAdvertiser	92076
1875.06.16_Trewman'sExeterFlyingPostorPlymouthandCornishAdvertiser_0008	12666	1875.06.16_Trewman'sExeterFlyingPostorPlymouthandCornishAdvertiser	92076
1875.06.16_WesternMail_0001	8754	1875.06.16_WesternMail	87084
1875.06.16_WesternMail_0002	11079	1875.06.16_WesternMail	87084
1875.06.16_WesternMail_0003	8995	1875.06.16_WesternMail	87084
1875.06.16_WesternMail_0004	9470	1875.06.16_WesternMail	87084
1875.06.16_WesternMail_0005	13293	1875.06.16_WesternMail	87084
1875.06.16_WesternMail_0006	12861	1875.06.16_WesternMail	87084
1875.06.16_WesternMail_0007	12129	1875.06.16_WesternMail	87084
1875.06.16_WesternMail_0008	10503	1875.06.16_WesternMail	87084
1875.06.17_BirminghamDailyPost_0001	13534	1875.06.17_BirminghamDailyPost	102091
1875.06.17_BirminghamDailyPost_0002	13094	1875.06.17_BirminghamDailyPost	102091
1875.06.17_BirminghamDailyPost_0003	12279	1875.06.17_BirminghamDailyPost	102091
1875.06.17_BirminghamDailyPost_0004	11052	1875.06.17_BirminghamDailyPost	102091
1875.06.17_BirminghamDailyPost_0005	13578	1875.06.17_BirminghamDailyPost	102091
1875.06.17_BirminghamDailyPost_0006	14494	1875.06.17_BirminghamDailyPost	102091
1875.06.17_BirminghamDailyPost_0007	11439	1875.06.17_BirminghamDailyPost	102091
1875.06.17_BirminghamDailyPost_0008	12621	1875.06.17_BirminghamDailyPost	102091
1875.06.17_DailyNews_0001	10975	1875.06.17_DailyNews	82154
1875.06.17_DailyNews_0002	11865	1875.06.17_DailyNews	82154
1875.06.17_DailyNews_0003	11810	1875.06.17_DailyNews	82154
1875.06.17_DailyNews_0004	8370	1875.06.17_DailyNews	82154
1875.06.17_DailyNews_0005	8828	1875.06.17_DailyNews	82154
1875.06.17_DailyNews_0006	11522	1875.06.17_DailyNews	82154
1875.06.17_DailyNews_0007	6926	1875.06.17_DailyNews	82154
1875.06.17_DailyNews_0008	11858	1875.06.17_DailyNews	82154
1875.06.17_Freeman'sJournalandDailyCommercialAdvertiser_0001	9260	1875.06.17_Freeman'sJournalandDailyCommercialAdvertiser	79381
1875.06.17_Freeman'sJournalandDailyCommercialAdvertiser_0002	10357	1875.06.17_Freeman'sJournalandDailyCommercialAdvertiser	79381
1875.06.17_Freeman'sJournalandDailyCommercialAdvertiser_0003	11010	1875.06.17_Freeman'sJournalandDailyCommercialAdvertiser	79381
1875.06.17_Freeman'sJournalandDailyCommercialAdvertiser_0004	8266	1875.06.17_Freeman'sJournalandDailyCommercialAdvertiser	79381
1875.06.17_Freeman'sJournalandDailyCommercialAdvertiser_0005	9066	1875.06.17_Freeman'sJournalandDailyCommercialAdvertiser	79381
1875.06.17_Freeman'sJournalandDailyCommercialAdvertiser_0006	10818	1875.06.17_Freeman'sJournalandDailyCommercialAdvertiser	79381
1875.06.17_Freeman'sJournalandDailyCommercialAdvertiser_0007	11423	1875.06.17_Freeman'sJournalandDailyCommercialAdvertiser	79381
1875.06.17_Freeman'sJournalandDailyCommercialAdvertiser_0008	9181	1875.06.17_Freeman'sJournalandDailyCommercialAdvertiser	79381
1875.06.17_GlasgowHerald_0001	7356	1875.06.17_GlasgowHerald	75181
1875.06.17_GlasgowHerald_0002	6224	1875.06.17_GlasgowHerald	75181
1875.06.17_GlasgowHerald_0003	8735	1875.06.17_GlasgowHerald	75181
1875.06.17_GlasgowHerald_0004	6259	1875.06.17_GlasgowHerald	75181
1875.06.17_GlasgowHerald_0005	11703	1875.06.17_GlasgowHerald	75181
1875.06.17_GlasgowHerald_0006	11643	1875.06.17_GlasgowHerald	75181
1875.06.17_GlasgowHerald_0007	12959	1875.06.17_GlasgowHerald	75181
1875.06.17_GlasgowHerald_0008	10302	1875.06.17_GlasgowHerald	75181
1875.06.17_LiverpoolMercuryetc_0001	10409	1875.06.17_LiverpoolMercuryetc	100867
1875.06.17_LiverpoolMercuryetc_0002	13630	1875.06.17_LiverpoolMercuryetc	100867
1875.06.17_LiverpoolMercuryetc_0003	14536	1875.06.17_LiverpoolMercuryetc	100867
1875.06.17_LiverpoolMercuryetc_0004	12515	1875.06.17_LiverpoolMercuryetc	100867
1875.06.17_LiverpoolMercuryetc_0005	11472	1875.06.17_LiverpoolMercuryetc	100867
1875.06.17_LiverpoolMercuryetc_0006	12573	1875.06.17_LiverpoolMercuryetc	100867
1875.06.17_LiverpoolMercuryetc_0007	13075	1875.06.17_LiverpoolMercuryetc	100867
1875.06.17_LiverpoolMercuryetc_0008	12657	1875.06.17_LiverpoolMercuryetc	100867
1875.06.17_NorthernEcho_0001	7169	1875.06.17_NorthernEcho	33181
1875.06.17_NorthernEcho_0002	8264	1875.06.17_NorthernEcho	33181
1875.06.17_NorthernEcho_0003	8426	1875.06.17_NorthernEcho	33181
1875.06.17_NorthernEcho_0004	9322	1875.06.17_NorthernEcho	33181
1875.06.17_ThePallMallGazette_0001	1605	1875.06.17_ThePallMallGazette	38887
1875.06.17_ThePallMallGazette_0002	2068	1875.06.17_ThePallMallGazette	38887
1875.06.17_ThePallMallGazette_0003	2159	1875.06.17_ThePallMallGazette	38887
1875.06.17_ThePallMallGazette_0004	2049	1875.06.17_ThePallMallGazette	38887
1875.06.17_ThePallMallGazette_0005	2767	1875.06.17_ThePallMallGazette	38887
1875.06.17_ThePallMallGazette_0006	2449	1875.06.17_ThePallMallGazette	38887
1875.06.17_ThePallMallGazette_0007	2565	1875.06.17_ThePallMallGazette	38887
1875.06.17_ThePallMallGazette_0008	2428	1875.06.17_ThePallMallGazette	38887
1875.06.17_ThePallMallGazette_0009	2985	1875.06.17_ThePallMallGazette	38887
1875.06.17_ThePallMallGazette_0010	2097	1875.06.17_ThePallMallGazette	38887
1875.06.17_ThePallMallGazette_0011	2185	1875.06.17_ThePallMallGazette	38887
1875.06.17_ThePallMallGazette_0012	2204	1875.06.17_ThePallMallGazette	38887
1875.06.17_ThePallMallGazette_0013	3241	1875.06.17_ThePallMallGazette	38887
1875.06.17_ThePallMallGazette_0014	3349	1875.06.17_ThePallMallGazette	38887
1875.06.17_ThePallMallGazette_0015	2945	1875.06.17_ThePallMallGazette	38887
1875.06.17_ThePallMallGazette_0016	1791	1875.06.17_ThePallMallGazette	38887
1875.06.17_Times_0001	12827	1875.06.17_Times	185074
1875.06.17_Times_0002	13162	1875.06.17_Times	185074
1875.06.17_Times_0003	11362	1875.06.17_Times	185074
1875.06.17_Times_0004	13545	1875.06.17_Times	185074
1875.06.17_Times_0005	9324	1875.06.17_Times	185074
1875.06.17_Times_0006	8496	1875.06.17_Times	185074
1875.06.17_Times_0007	13380	1875.06.17_Times	185074
1875.06.17_Times_0008	11574	1875.06.17_Times	185074
1875.06.17_Times_0009	7896	1875.06.17_Times	185074
1875.06.17_Times_0010	8428	1875.06.17_Times	185074
1875.06.17_Times_0011	12282	1875.06.17_Times	185074
1875.06.17_Times_0012	9420	1875.06.17_Times	185074
1875.06.17_Times_0013	12689	1875.06.17_Times	185074
1875.06.17_Times_0014	14204	1875.06.17_Times	185074
1875.06.17_Times_0015	11089	1875.06.17_Times	185074
1875.06.17_Times_0016	15396	1875.06.17_Times	185074
1875.06.17_WesternMail_0001	7268	1875.06.17_WesternMail	71243
1875.06.17_WesternMail_0002	9605	1875.06.17_WesternMail	71243
1875.06.17_WesternMail_0003	7175	1875.06.17_WesternMail	71243
1875.06.17_WesternMail_0004	6981	1875.06.17_WesternMail	71243
1875.06.17_WesternMail_0005	10622	1875.06.17_WesternMail	71243
1875.06.17_WesternMail_0006	11375	1875.06.17_WesternMail	71243
1875.06.17_WesternMail_0007	9811	1875.06.17_WesternMail	71243
1875.06.17_WesternMail_0008	8406	1875.06.17_WesternMail	71243
1875.06.18_BirminghamDailyPost_0001	7972	1875.06.18_BirminghamDailyPost	84462
1875.06.18_BirminghamDailyPost_0002	9842	1875.06.18_BirminghamDailyPost	84462
1875.06.18_BirminghamDailyPost_0003	10099	1875.06.18_BirminghamDailyPost	84462
1875.06.18_BirminghamDailyPost_0004	10422	1875.06.18_BirminghamDailyPost	84462
1875.06.18_BirminghamDailyPost_0005	12317	1875.06.18_BirminghamDailyPost	84462
1875.06.18_BirminghamDailyPost_0006	11787	1875.06.18_BirminghamDailyPost	84462
1875.06.18_BirminghamDailyPost_0007	10800	1875.06.18_BirminghamDailyPost	84462
1875.06.18_BirminghamDailyPost_0008	11223	1875.06.18_BirminghamDailyPost	84462
1875.06.18_DailyNews_0001	12629	1875.06.18_DailyNews	94614
1875.06.18_DailyNews_0002	12109	1875.06.18_DailyNews	94614
1875.06.18_DailyNews_0003	14079	1875.06.18_DailyNews	94614
1875.06.18_DailyNews_0004	9812	1875.06.18_DailyNews	94614
1875.06.18_DailyNews_0005	11345	1875.06.18_DailyNews	94614
1875.06.18_DailyNews_0006	12627	1875.06.18_DailyNews	94614
1875.06.18_DailyNews_0007	9156	1875.06.18_DailyNews	94614
1875.06.18_DailyNews_0008	12857	1875.06.18_DailyNews	94614
1875.06.18_Freeman'sJournalandDailyCommercialAdvertiser_0001	7653	1875.06.18_Freeman'sJournalandDailyCommercialAdvertiser	69160
1875.06.18_Freeman'sJournalandDailyCommercialAdvertiser_0002	9520	1875.06.18_Freeman'sJournalandDailyCommercialAdvertiser	69160
1875.06.18_Freeman'sJournalandDailyCommercialAdvertiser_0003	10374	1875.06.18_Freeman'sJournalandDailyCommercialAdvertiser	69160
1875.06.18_Freeman'sJournalandDailyCommercialAdvertiser_0004	6264	1875.06.18_Freeman'sJournalandDailyCommercialAdvertiser	69160
1875.06.18_Freeman'sJournalandDailyCommercialAdvertiser_0005	7985	1875.06.18_Freeman'sJournalandDailyCommercialAdvertiser	69160
1875.06.18_Freeman'sJournalandDailyCommercialAdvertiser_0006	9748	1875.06.18_Freeman'sJournalandDailyCommercialAdvertiser	69160
1875.06.18_Freeman'sJournalandDailyCommercialAdvertiser_0007	9886	1875.06.18_Freeman'sJournalandDailyCommercialAdvertiser	69160
1875.06.18_Freeman'sJournalandDailyCommercialAdvertiser_0008	7730	1875.06.18_Freeman'sJournalandDailyCommercialAdvertiser	69160
1875.06.18_GlasgowHerald_0001	4459	1875.06.18_GlasgowHerald	86397
1875.06.18_GlasgowHerald_0002	9165	1875.06.18_GlasgowHerald	86397
1875.06.18_GlasgowHerald_0003	9679	1875.06.18_GlasgowHerald	86397
1875.06.18_GlasgowHerald_0004	10867	1875.06.18_GlasgowHerald	86397
1875.06.18_GlasgowHerald_0005	13311	1875.06.18_GlasgowHerald	86397
1875.06.18_GlasgowHerald_0006	14535	1875.06.18_GlasgowHerald	86397
1875.06.18_GlasgowHerald_0007	13258	1875.06.18_GlasgowHerald	86397
1875.06.18_GlasgowHerald_0008	11123	1875.06.18_GlasgowHerald	86397
1875.06.18_LiverpoolMercuryetc_0001	12193	1875.06.18_LiverpoolMercuryetc	123101
1875.06.18_LiverpoolMercuryetc_0002	15343	1875.06.18_LiverpoolMercuryetc	123101
1875.06.18_LiverpoolMercuryetc_0003	15435	1875.06.18_LiverpoolMercuryetc	123101
1875.06.18_LiverpoolMercuryetc_0004	18196	1875.06.18_LiverpoolMercuryetc	123101
1875.06.18_LiverpoolMercuryetc_0005	16010	1875.06.18_LiverpoolMercuryetc	123101
1875.06.18_LiverpoolMercuryetc_0006	15200	1875.06.18_LiverpoolMercuryetc	123101
1875.06.18_LiverpoolMercuryetc_0007	15964	1875.06.18_LiverpoolMercuryetc	123101
1875.06.18_LiverpoolMercuryetc_0008	14760	1875.06.18_LiverpoolMercuryetc	123101
1875.06.18_NorthernEcho_0001	7158	1875.06.18_NorthernEcho	33979
1875.06.18_NorthernEcho_0002	7880	1875.06.18_NorthernEcho	33979
1875.06.18_NorthernEcho_0003	8723	1875.06.18_NorthernEcho	33979
1875.06.18_NorthernEcho_0004	10218	1875.06.18_NorthernEcho	33979
1875.06.18_TheHullPacketandEastRidingTimes_0001	5929	1875.06.18_TheHullPacketandEastRidingTimes	78716
1875.06.18_TheHullPacketandEastRidingTimes_0002	9979	1875.06.18_TheHullPacketandEastRidingTimes	78716
1875.06.18_TheHullPacketandEastRidingTimes_0003	11017	1875.06.18_TheHullPacketandEastRidingTimes	78716
1875.06.18_TheHullPacketandEastRidingTimes_0004	8443	1875.06.18_TheHullPacketandEastRidingTimes	78716
1875.06.18_TheHullPacketandEastRidingTimes_0005	10207	1875.06.18_TheHullPacketandEastRidingTimes	78716
1875.06.18_TheHullPacketandEastRidingTimes_0006	12451	1875.06.18_TheHullPacketandEastRidingTimes	78716
1875.06.18_TheHullPacketandEastRidingTimes_0007	10401	1875.06.18_TheHullPacketandEastRidingTimes	78716
1875.06.18_TheHullPacketandEastRidingTimes_0008	10289	1875.06.18_TheHullPacketandEastRidingTimes	78716
1875.06.18_ThePallMallGazette_0001	1708	1875.06.18_ThePallMallGazette	38077
1875.06.18_ThePallMallGazette_0002	2109	1875.06.18_ThePallMallGazette	38077
1875.06.18_ThePallMallGazette_0003	2688	1875.06.18_ThePallMallGazette	38077
1875.06.18_ThePallMallGazette_0004	2109	1875.06.18_ThePallMallGazette	38077
1875.06.18_ThePallMallGazette_0005	2139	1875.06.18_ThePallMallGazette	38077
1875.06.18_ThePallMallGazette_0006	2387	1875.06.18_ThePallMallGazette	38077
1875.06.18_ThePallMallGazette_0007	2194	1875.06.18_ThePallMallGazette	38077
1875.06.18_ThePallMallGazette_0008	2332	1875.06.18_ThePallMallGazette	38077
1875.06.18_ThePallMallGazette_0009	3081	1875.06.18_ThePallMallGazette	38077
1875.06.18_ThePallMallGazette_0010	2146	1875.06.18_ThePallMallGazette	38077
1875.06.18_ThePallMallGazette_0011	2191	1875.06.18_ThePallMallGazette	38077
1875.06.18_ThePallMallGazette_0012	2239	1875.06.18_ThePallMallGazette	38077
1875.06.18_ThePallMallGazette_0013	3263	1875.06.18_ThePallMallGazette	38077
1875.06.18_ThePallMallGazette_0014	3194	1875.06.18_ThePallMallGazette	38077
1875.06.18_ThePallMallGazette_0015	2451	1875.06.18_ThePallMallGazette	38077
1875.06.18_ThePallMallGazette_0016	1846	1875.06.18_ThePallMallGazette	38077
1875.06.18_Times_0001	11058	1875.06.18_Times	223108
1875.06.18_Times_0002	12074	1875.06.18_Times	223108
1875.06.18_Times_0003	10334	1875.06.18_Times	223108
1875.06.18_Times_0004	12591	1875.06.18_Times	223108
1875.06.18_Times_0005	9503	1875.06.18_Times	223108
1875.06.18_Times_0006	5809	1875.06.18_Times	223108
1875.06.18_Times_0007	9300	1875.06.18_Times	223108
1875.06.18_Times_0008	10547	1875.06.18_Times	223108
1875.06.18_Times_0009	15494	1875.06.18_Times	223108
1875.06.18_Times_0010	5796	1875.06.18_Times	223108
1875.06.18_Times_0011	8236	1875.06.18_Times	223108
1875.06.18_Times_0012	9836	1875.06.18_Times	223108
1875.06.18_Times_0013	12216	1875.06.18_Times	223108
1875.06.18_Times_0014	10261	1875.06.18_Times	223108
1875.06.18_Times_0015	13460	1875.06.18_Times	223108
1875.06.18_Times_0016	13758	1875.06.18_Times	223108
1875.06.18_Times_0017	15215	1875.06.18_Times	223108
1875.06.18_Times_0018	11729	1875.06.18_Times	223108
1875.06.18_Times_0019	12021	1875.06.18_Times	223108
1875.06.18_Times_0020	13870	1875.06.18_Times	223108
1875.06.18_WesternMail_0001	6991	1875.06.18_WesternMail	70873
1875.06.18_WesternMail_0002	8281	1875.06.18_WesternMail	70873
1875.06.18_WesternMail_0003	8274	1875.06.18_WesternMail	70873
1875.06.18_WesternMail_0004	7714	1875.06.18_WesternMail	70873
1875.06.18_WesternMail_0005	10657	1875.06.18_WesternMail	70873
1875.06.18_WesternMail_0006	10757	1875.06.18_WesternMail	70873
1875.06.18_WesternMail_0007	9310	1875.06.18_WesternMail	70873
1875.06.18_WesternMail_0008	8889	1875.06.18_WesternMail	70873
1875.06.19_BaneracAmserauCymru_0001	2570	1875.06.19_BaneracAmserauCymru	32424
1875.06.19_BaneracAmserauCymru_0002	3939	1875.06.19_BaneracAmserauCymru	32424
1875.06.19_BaneracAmserauCymru_0003	4011	1875.06.19_BaneracAmserauCymru	32424
1875.06.19_BaneracAmserauCymru_0004	4169	1875.06.19_BaneracAmserauCymru	32424
1875.06.19_BaneracAmserauCymru_0005	4741	1875.06.19_BaneracAmserauCymru	32424
1875.06.19_BaneracAmserauCymru_0006	3995	1875.06.19_BaneracAmserauCymru	32424
1875.06.19_BaneracAmserauCymru_0007	4978	1875.06.19_BaneracAmserauCymru	32424
1875.06.19_BaneracAmserauCymru_0008	4021	1875.06.19_BaneracAmserauCymru	32424
1875.06.19_BirminghamDailyPost_0001	13987	1875.06.19_BirminghamDailyPost	103905
1875.06.19_BirminghamDailyPost_0002	12262	1875.06.19_BirminghamDailyPost	103905
1875.06.19_BirminghamDailyPost_0003	12791	1875.06.19_BirminghamDailyPost	103905
1875.06.19_BirminghamDailyPost_0004	12211	1875.06.19_BirminghamDailyPost	103905
1875.06.19_BirminghamDailyPost_0005	12602	1875.06.19_BirminghamDailyPost	103905
1875.06.19_BirminghamDailyPost_0006	15199	1875.06.19_BirminghamDailyPost	103905
1875.06.19_BirminghamDailyPost_0007	10001	1875.06.19_BirminghamDailyPost	103905
1875.06.19_BirminghamDailyPost_0008	14852	1875.06.19_BirminghamDailyPost	103905
1875.06.19_DailyNews_0001	10995	1875.06.19_DailyNews	85199
1875.06.19_DailyNews_0002	10835	1875.06.19_DailyNews	85199
1875.06.19_DailyNews_0003	13297	1875.06.19_DailyNews	85199
1875.06.19_DailyNews_0004	9099	1875.06.19_DailyNews	85199
1875.06.19_DailyNews_0005	9317	1875.06.19_DailyNews	85199
1875.06.19_DailyNews_0006	12796	1875.06.19_DailyNews	85199
1875.06.19_DailyNews_0007	6892	1875.06.19_DailyNews	85199
1875.06.19_DailyNews_0008	11968	1875.06.19_DailyNews	85199
1875.06.19_Freeman'sJournalandDailyCommercialAdvertiser_0001	8883	1875.06.19_Freeman'sJournalandDailyCommercialAdvertiser	76351
1875.06.19_Freeman'sJournalandDailyCommercialAdvertiser_0002	9700	1875.06.19_Freeman'sJournalandDailyCommercialAdvertiser	76351
1875.06.19_Freeman'sJournalandDailyCommercialAdvertiser_0003	9894	1875.06.19_Freeman'sJournalandDailyCommercialAdvertiser	76351
1875.06.19_Freeman'sJournalandDailyCommercialAdvertiser_0004	7073	1875.06.19_Freeman'sJournalandDailyCommercialAdvertiser	76351
1875.06.19_Freeman'sJournalandDailyCommercialAdvertiser_0005	9521	1875.06.19_Freeman'sJournalandDailyCommercialAdvertiser	76351
1875.06.19_Freeman'sJournalandDailyCommercialAdvertiser_0006	10500	1875.06.19_Freeman'sJournalandDailyCommercialAdvertiser	76351
1875.06.19_Freeman'sJournalandDailyCommercialAdvertiser_0007	11731	1875.06.19_Freeman'sJournalandDailyCommercialAdvertiser	76351
1875.06.19_Freeman'sJournalandDailyCommercialAdvertiser_0008	9049	1875.06.19_Freeman'sJournalandDailyCommercialAdvertiser	76351
1875.06.19_GlasgowHerald_0001	9667	1875.06.19_GlasgowHerald	88463
1875.06.19_GlasgowHerald_0002	9552	1875.06.19_GlasgowHerald	88463
1875.06.19_GlasgowHerald_0003	12562	1875.06.19_GlasgowHerald	88463
1875.06.19_GlasgowHerald_0004	10585	1875.06.19_GlasgowHerald	88463
1875.06.19_GlasgowHerald_0005	12879	1875.06.19_GlasgowHerald	88463
1875.06.19_GlasgowHerald_0006	12246	1875.06.19_GlasgowHerald	88463
1875.06.19_GlasgowHerald_0007	11333	1875.06.19_GlasgowHerald	88463
1875.06.19_GlasgowHerald_0008	9639	1875.06.19_GlasgowHerald	88463
1875.06.19_HampshireTelegraphandSussexChronicleetc_0001	11135	1875.06.19_HampshireTelegraphandSussexChronicleetc	105692
1875.06.19_HampshireTelegraphandSussexChronicleetc_0002	11311	1875.06.19_HampshireTelegraphandSussexChronicleetc	105692
1875.06.19_HampshireTelegraphandSussexChronicleetc_0003	14290	1875.06.19_HampshireTelegraphandSussexChronicleetc	105692
1875.06.19_HampshireTelegraphandSussexChronicleetc_0004	11968	1875.06.19_HampshireTelegraphandSussexChronicleetc	105692
1875.06.19_HampshireTelegraphandSussexChronicleetc_0005	15802	1875.06.19_HampshireTelegraphandSussexChronicleetc	105692
1875.06.19_HampshireTelegraphandSussexChronicleetc_0006	10248	1875.06.19_HampshireTelegraphandSussexChronicleetc	105692
1875.06.19_HampshireTelegraphandSussexChronicleetc_0007	13210	1875.06.19_HampshireTelegraphandSussexChronicleetc	105692
1875.06.19_HampshireTelegraphandSussexChronicleetc_0008	17728	1875.06.19_HampshireTelegraphandSussexChronicleetc	105692
1875.06.19_Jackson'sOxfordJournal_0001	4248	1875.06.19_Jackson'sOxfordJournal	74583
1875.06.19_Jackson'sOxfordJournal_0002	5863	1875.06.19_Jackson'sOxfordJournal	74583
1875.06.19_Jackson'sOxfordJournal_0003	7585	1875.06.19_Jackson'sOxfordJournal	74583
1875.06.19_Jackson'sOxfordJournal_0004	9728	1875.06.19_Jackson'sOxfordJournal	74583
1875.06.19_Jackson'sOxfordJournal_0005	9110	1875.06.19_Jackson'sOxfordJournal	74583
1875.06.19_Jackson'sOxfordJournal_0006	13022	1875.06.19_Jackson'sOxfordJournal	74583
1875.06.19_Jackson'sOxfordJournal_0007	12645	1875.06.19_Jackson'sOxfordJournal	74583
1875.06.19_Jackson'sOxfordJournal_0008	12382	1875.06.19_Jackson'sOxfordJournal	74583
1875.06.19_LiverpoolMercuryetc_0001	10400	1875.06.19_LiverpoolMercuryetc	98526
1875.06.19_LiverpoolMercuryetc_0002	12312	1875.06.19_LiverpoolMercuryetc	98526
1875.06.19_LiverpoolMercuryetc_0003	12342	1875.06.19_LiverpoolMercuryetc	98526
1875.06.19_LiverpoolMercuryetc_0004	12381	1875.06.19_LiverpoolMercuryetc	98526
1875.06.19_LiverpoolMercuryetc_0005	10928	1875.06.19_LiverpoolMercuryetc	98526
1875.06.19_LiverpoolMercuryetc_0006	13443	1875.06.19_LiverpoolMercuryetc	98526
1875.06.19_LiverpoolMercuryetc_0007	13356	1875.06.19_LiverpoolMercuryetc	98526
1875.06.19_LiverpoolMercuryetc_0008	13364	1875.06.19_LiverpoolMercuryetc	98526
1875.06.19_ManchesterTimes_0001	7794	1875.06.19_ManchesterTimes	84460
1875.06.19_ManchesterTimes_0002	10316	1875.06.19_ManchesterTimes	84460
1875.06.19_ManchesterTimes_0003	11877	1875.06.19_ManchesterTimes	84460
1875.06.19_ManchesterTimes_0004	9015	1875.06.19_ManchesterTimes	84460
1875.06.19_ManchesterTimes_0005	11779	1875.06.19_ManchesterTimes	84460
1875.06.19_ManchesterTimes_0006	11709	1875.06.19_ManchesterTimes	84460
1875.06.19_ManchesterTimes_0007	12083	1875.06.19_ManchesterTimes	84460
1875.06.19_ManchesterTimes_0008	9887	1875.06.19_ManchesterTimes	84460
1875.06.19_NorthernEcho_0001	7081	1875.06.19_NorthernEcho	34043
1875.06.19_NorthernEcho_0002	7967	1875.06.19_NorthernEcho	34043
1875.06.19_NorthernEcho_0003	8858	1875.06.19_NorthernEcho	34043
1875.06.19_NorthernEcho_0004	10137	1875.06.19_NorthernEcho	34043
1875.06.19_NorthWalesChronicle_0001	6224	1875.06.19_NorthWalesChronicle	79802
1875.06.19_NorthWalesChronicle_0002	9129	1875.06.19_NorthWalesChronicle	79802
1875.06.19_NorthWalesChronicle_0003	13011	1875.06.19_NorthWalesChronicle	79802
1875.06.19_NorthWalesChronicle_0004	7698	1875.06.19_NorthWalesChronicle	79802
1875.06.19_NorthWalesChronicle_0005	10441	1875.06.19_NorthWalesChronicle	79802
1875.06.19_NorthWalesChronicle_0006	12026	1875.06.19_NorthWalesChronicle	79802
1875.06.19_NorthWalesChronicle_0007	13800	1875.06.19_NorthWalesChronicle	79802
1875.06.19_NorthWalesChronicle_0008	7473	1875.06.19_NorthWalesChronicle	79802
1875.06.19_TheBristolMercury_0001	13909	1875.06.19_TheBristolMercury	119562
1875.06.19_TheBristolMercury_0002	11230	1875.06.19_TheBristolMercury	119562
1875.06.19_TheBristolMercury_0003	17648	1875.06.19_TheBristolMercury	119562
1875.06.19_TheBristolMercury_0004	15345	1875.06.19_TheBristolMercury	119562
1875.06.19_TheBristolMercury_0005	12738	1875.06.19_TheBristolMercury	119562
1875.06.19_TheBristolMercury_0006	18301	1875.06.19_TheBristolMercury	119562
1875.06.19_TheBristolMercury_0007	12799	1875.06.19_TheBristolMercury	119562
1875.06.19_TheBristolMercury_0008	17592	1875.06.19_TheBristolMercury	119562
1875.06.19_TheExaminer_0001	1163	1875.06.19_TheExaminer	42701
1875.06.19_TheExaminer_0002	1373	1875.06.19_TheExaminer	42701
1875.06.19_TheExaminer_0003	1404	1875.06.19_TheExaminer	42701
1875.06.19_TheExaminer_0004	1306	1875.06.19_TheExaminer	42701
1875.06.19_TheExaminer_0005	1409	1875.06.19_TheExaminer	42701
1875.06.19_TheExaminer_0006	1411	1875.06.19_TheExaminer	42701
1875.06.19_TheExaminer_0007	1431	1875.06.19_TheExaminer	42701
1875.06.19_TheExaminer_0008	1499	1875.06.19_TheExaminer	42701
1875.06.19_TheExaminer_0009	1416	1875.06.19_TheExaminer	42701
1875.06.19_TheExaminer_0010	1599	1875.06.19_TheExaminer	42701
1875.06.19_TheExaminer_0011	1841	1875.06.19_TheExaminer	42701
1875.06.19_TheExaminer_0012	1787	1875.06.19_TheExaminer	42701
1875.06.19_TheExaminer_0013	1739	1875.06.19_TheExaminer	42701
1875.06.19_TheExaminer_0014	1565	1875.06.19_TheExaminer	42701
1875.06.19_TheExaminer_0015	1410	1875.06.19_TheExaminer	42701
1875.06.19_TheExaminer_0016	1486	1875.06.19_TheExaminer	42701
1875.06.19_TheExaminer_0017	1506	1875.06.19_TheExaminer	42701
1875.06.19_TheExaminer_0018	1507	1875.06.19_TheExaminer	42701
1875.06.19_TheExaminer_0019	1530	1875.06.19_TheExaminer	42701
1875.06.19_TheExaminer_0020	1778	1875.06.19_TheExaminer	42701
1875.06.19_TheExaminer_0021	1790	1875.06.19_TheExaminer	42701
1875.06.19_TheExaminer_0022	1650	1875.06.19_TheExaminer	42701
1875.06.19_TheExaminer_0023	1576	1875.06.19_TheExaminer	42701
1875.06.19_TheExaminer_0024	1978	1875.06.19_TheExaminer	42701
1875.06.19_TheExaminer_0025	667	1875.06.19_TheExaminer	42701
1875.06.19_TheExaminer_0026	1691	1875.06.19_TheExaminer	42701
1875.06.19_TheExaminer_0027	2009	1875.06.19_TheExaminer	42701
1875.06.19_TheExaminer_0028	1180	1875.06.19_TheExaminer	42701
1875.06.19_TheGraphic_0001	7	1875.06.19_TheGraphic	47439
1875.06.19_TheGraphic_0002	2617	1875.06.19_TheGraphic	47439
1875.06.19_TheGraphic_0003	3535	1875.06.19_TheGraphic	47439
1875.06.19_TheGraphic_0004	22	1875.06.19_TheGraphic	47439
1875.06.19_TheGraphic_0005	43	1875.06.19_TheGraphic	47439
1875.06.19_TheGraphic_0006	3503	1875.06.19_TheGraphic	47439
1875.06.19_TheGraphic_0007	3614	1875.06.19_TheGraphic	47439
1875.06.19_TheGraphic_0008	21	1875.06.19_TheGraphic	47439
1875.06.19_TheGraphic_0009	3412	1875.06.19_TheGraphic	47439
1875.06.19_TheGraphic_0010	3635	1875.06.19_TheGraphic	47439
1875.06.19_TheGraphic_0011	876	1875.06.19_TheGraphic	47439
1875.06.19_TheGraphic_0012	398	1875.06.19_TheGraphic	47439
1875.06.19_TheGraphic_0013	3939	1875.06.19_TheGraphic	47439
1875.06.19_TheGraphic_0014	3787	1875.06.19_TheGraphic	47439
1875.06.19_TheGraphic_0015	12	1875.06.19_TheGraphic	47439
1875.06.19_TheGraphic_0016	21	1875.06.19_TheGraphic	47439
1875.06.19_TheGraphic_0017	3745	1875.06.19_TheGraphic	47439
1875.06.19_TheGraphic_0018	3695	1875.06.19_TheGraphic	47439
1875.06.19_TheGraphic_0019	27	1875.06.19_TheGraphic	47439
1875.06.19_TheGraphic_0020	126	1875.06.19_TheGraphic	47439
1875.06.19_TheGraphic_0021	3889	1875.06.19_TheGraphic	47439
1875.06.19_TheGraphic_0022	3160	1875.06.19_TheGraphic	47439
1875.06.19_TheGraphic_0023	3355	1875.06.19_TheGraphic	47439
1875.06.19_TheIpswichJournal_0001	2511	1875.06.19_TheIpswichJournal	79126
1875.06.19_TheIpswichJournal_0002	6708	1875.06.19_TheIpswichJournal	79126
1875.06.19_TheIpswichJournal_0003	7563	1875.06.19_TheIpswichJournal	79126
1875.06.19_TheIpswichJournal_0004	3510	1875.06.19_TheIpswichJournal	79126
1875.06.19_TheIpswichJournal_0005	11013	1875.06.19_TheIpswichJournal	79126
1875.06.19_TheIpswichJournal_0006	4901	1875.06.19_TheIpswichJournal	79126
1875.06.19_TheIpswichJournal_0007	6925	1875.06.19_TheIpswichJournal	79126
1875.06.19_TheIpswichJournal_0008	11074	1875.06.19_TheIpswichJournal	79126
1875.06.19_TheIpswichJournal_0009	11249	1875.06.19_TheIpswichJournal	79126
1875.06.19_TheIpswichJournal_0010	13672	1875.06.19_TheIpswichJournal	79126
1875.06.19_ThePallMallGazette_0001	1631	1875.06.19_ThePallMallGazette	40239
1875.06.19_ThePallMallGazette_0002	2118	1875.06.19_ThePallMallGazette	40239
1875.06.19_ThePallMallGazette_0003	2262	1875.06.19_ThePallMallGazette	40239
1875.06.19_ThePallMallGazette_0004	2152	1875.06.19_ThePallMallGazette	40239
1875.06.19_ThePallMallGazette_0005	2787	1875.06.19_ThePallMallGazette	40239
1875.06.19_ThePallMallGazette_0006	2486	1875.06.19_ThePallMallGazette	40239
1875.06.19_ThePallMallGazette_0007	2732	1875.06.19_ThePallMallGazette	40239
1875.06.19_ThePallMallGazette_0008	2323	1875.06.19_ThePallMallGazette	40239
1875.06.19_ThePallMallGazette_0009	2983	1875.06.19_ThePallMallGazette	40239
1875.06.19_ThePallMallGazette_0010	2149	1875.06.19_ThePallMallGazette	40239
1875.06.19_ThePallMallGazette_0011	2188	1875.06.19_ThePallMallGazette	40239
1875.06.19_ThePallMallGazette_0012	2296	1875.06.19_ThePallMallGazette	40239
1875.06.19_ThePallMallGazette_0013	3359	1875.06.19_ThePallMallGazette	40239
1875.06.19_ThePallMallGazette_0014	3372	1875.06.19_ThePallMallGazette	40239
1875.06.19_ThePallMallGazette_0015	3103	1875.06.19_ThePallMallGazette	40239
1875.06.19_ThePallMallGazette_0016	2298	1875.06.19_ThePallMallGazette	40239
1875.06.19_Times_0001	11903	1875.06.19_Times	243101
1875.06.19_Times_0002	13342	1875.06.19_Times	243101
1875.06.19_Times_0003	12008	1875.06.19_Times	243101
1875.06.19_Times_0004	13942	1875.06.19_Times	243101
1875.06.19_Times_0005	12911	1875.06.19_Times	243101
1875.06.19_Times_0006	6147	1875.06.19_Times	243101
1875.06.19_Times_0007	9872	1875.06.19_Times	243101
1875.06.19_Times_0008	22804	1875.06.19_Times	243101
1875.06.19_Times_0009	992	1875.06.19_Times	243101
1875.06.19_Times_0010	10619	1875.06.19_Times	243101
1875.06.19_Times_0011	8031	1875.06.19_Times	243101
1875.06.19_Times_0012	9175	1875.06.19_Times	243101
1875.06.19_Times_0013	9774	1875.06.19_Times	243101
1875.06.19_Times_0014	10493	1875.06.19_Times	243101
1875.06.19_Times_0015	14064	1875.06.19_Times	243101
1875.06.19_Times_0016	16131	1875.06.19_Times	243101
1875.06.19_Times_0017	14780	1875.06.19_Times	243101
1875.06.19_Times_0018	15276	1875.06.19_Times	243101
1875.06.19_Times_0019	15615	1875.06.19_Times	243101
1875.06.19_Times_0020	15222	1875.06.19_Times	243101
1875.06.19_WesternMail_0001	10570	1875.06.19_WesternMail	84829
1875.06.19_WesternMail_0002	10160	1875.06.19_WesternMail	84829
1875.06.19_WesternMail_0003	9169	1875.06.19_WesternMail	84829
1875.06.19_WesternMail_0004	9092	1875.06.19_WesternMail	84829
1875.06.19_WesternMail_0005	11244	1875.06.19_WesternMail	84829
1875.06.19_WesternMail_0006	13193	1875.06.19_WesternMail	84829
1875.06.19_WesternMail_0007	11081	1875.06.19_WesternMail	84829
1875.06.19_WesternMail_0008	10320	1875.06.19_WesternMail	84829
1875.06.19_YGoleuad_0001	1440	1875.06.19_YGoleuad	55987
1875.06.19_YGoleuad_0002	2289	1875.06.19_YGoleuad	55987
1875.06.19_YGoleuad_0003	2297	1875.06.19_YGoleuad	55987
1875.06.19_YGoleuad_0004	3047	1875.06.19_YGoleuad	55987
1875.06.19_YGoleuad_0005	3398	1875.06.19_YGoleuad	55987
1875.06.19_YGoleuad_0006	2984	1875.06.19_YGoleuad	55987
1875.06.19_YGoleuad_0007	3119	1875.06.19_YGoleuad	55987
1875.06.19_YGoleuad_0008	2989	1875.06.19_YGoleuad	55987
1875.06.19_YGoleuad_0009	2096	1875.06.19_YGoleuad	55987
1875.06.19_YGoleuad_0010	2002	1875.06.19_YGoleuad	55987
1875.06.19_YGoleuad_0011	2127	1875.06.19_YGoleuad	55987
1875.06.19_YGoleuad_0012	3326	1875.06.19_YGoleuad	55987
1875.06.19_YGoleuad_0013	4169	1875.06.19_YGoleuad	55987
1875.06.19_YGoleuad_0014	3628	1875.06.19_YGoleuad	55987
1875.06.19_YGoleuad_0015	3041	1875.06.19_YGoleuad	55987
1875.06.19_YGoleuad_0016	3001	1875.06.19_YGoleuad	55987
1875.06.19_YGoleuad_0017	3238	1875.06.19_YGoleuad	55987
1875.06.19_YGoleuad_0018	3099	1875.06.19_YGoleuad	55987
1875.06.19_YGoleuad_0019	3005	1875.06.19_YGoleuad	55987
1875.06.19_YGoleuad_0020	1692	1875.06.19_YGoleuad	55987
1875.06.20_Lloyd'sWeeklyNewspaper_0001	5691	1875.06.20_Lloyd'sWeeklyNewspaper	81319
1875.06.20_Lloyd'sWeeklyNewspaper_0002	8200	1875.06.20_Lloyd'sWeeklyNewspaper	81319
1875.06.20_Lloyd'sWeeklyNewspaper_0003	7223	1875.06.20_Lloyd'sWeeklyNewspaper	81319
1875.06.20_Lloyd'sWeeklyNewspaper_0004	7671	1875.06.20_Lloyd'sWeeklyNewspaper	81319
1875.06.20_Lloyd'sWeeklyNewspaper_0005	7687	1875.06.20_Lloyd'sWeeklyNewspaper	81319
1875.06.20_Lloyd'sWeeklyNewspaper_0006	4907	1875.06.20_Lloyd'sWeeklyNewspaper	81319
1875.06.20_Lloyd'sWeeklyNewspaper_0007	7328	1875.06.20_Lloyd'sWeeklyNewspaper	81319
1875.06.20_Lloyd'sWeeklyNewspaper_0008	7811	1875.06.20_Lloyd'sWeeklyNewspaper	81319
1875.06.20_Lloyd'sWeeklyNewspaper_0009	4478	1875.06.20_Lloyd'sWeeklyNewspaper	81319
1875.06.20_Lloyd'sWeeklyNewspaper_0010	4788	1875.06.20_Lloyd'sWeeklyNewspaper	81319
1875.06.20_Lloyd'sWeeklyNewspaper_0011	7910	1875.06.20_Lloyd'sWeeklyNewspaper	81319
1875.06.20_Lloyd'sWeeklyNewspaper_0012	7625	1875.06.20_Lloyd'sWeeklyNewspaper	81319
1875.06.20_Reynolds'sNewspaper_0001	9191	1875.06.20_Reynolds'sNewspaper	82866
1875.06.20_Reynolds'sNewspaper_0002	11423	1875.06.20_Reynolds'sNewspaper	82866
1875.06.20_Reynolds'sNewspaper_0003	10741	1875.06.20_Reynolds'sNewspaper	82866
1875.06.20_Reynolds'sNewspaper_0004	10317	1875.06.20_Reynolds'sNewspaper	82866
1875.06.20_Reynolds'sNewspaper_0005	10316	1875.06.20_Reynolds'sNewspaper	82866
1875.06.20_Reynolds'sNewspaper_0006	10950	1875.06.20_Reynolds'sNewspaper	82866
1875.06.20_Reynolds'sNewspaper_0007	8956	1875.06.20_Reynolds'sNewspaper	82866
1875.06.20_Reynolds'sNewspaper_0008	10972	1875.06.20_Reynolds'sNewspaper	82866
1875.06.20_TheEra_0001	3463	1875.06.20_TheEra	95037
1875.06.20_TheEra_0002	5869	1875.06.20_TheEra	95037
1875.06.20_TheEra_0003	7440	1875.06.20_TheEra	95037
1875.06.20_TheEra_0004	6543	1875.06.20_TheEra	95037
1875.06.20_TheEra_0005	7107	1875.06.20_TheEra	95037
1875.06.20_TheEra_0006	7294	1875.06.20_TheEra	95037
1875.06.20_TheEra_0007	6752	1875.06.20_TheEra	95037
1875.06.20_TheEra_0008	5920	1875.06.20_TheEra	95037
1875.06.20_TheEra_0009	5999	1875.06.20_TheEra	95037
1875.06.20_TheEra_0010	6368	1875.06.20_TheEra	95037
1875.06.20_TheEra_0011	6554	1875.06.20_TheEra	95037
1875.06.20_TheEra_0012	5272	1875.06.20_TheEra	95037
1875.06.20_TheEra_0013	5292	1875.06.20_TheEra	95037
1875.06.20_TheEra_0014	5248	1875.06.20_TheEra	95037
1875.06.20_TheEra_0015	5231	1875.06.20_TheEra	95037
1875.06.20_TheEra_0016	4685	1875.06.20_TheEra	95037
1875.06.21_BirminghamDailyPost_0001	12436	1875.06.21_BirminghamDailyPost	88030
1875.06.21_BirminghamDailyPost_0002	9500	1875.06.21_BirminghamDailyPost	88030
1875.06.21_BirminghamDailyPost_0003	10588	1875.06.21_BirminghamDailyPost	88030
1875.06.21_BirminghamDailyPost_0004	9830	1875.06.21_BirminghamDailyPost	88030
1875.06.21_BirminghamDailyPost_0005	11598	1875.06.21_BirminghamDailyPost	88030
1875.06.21_BirminghamDailyPost_0006	12177	1875.06.21_BirminghamDailyPost	88030
1875.06.21_BirminghamDailyPost_0007	10618	1875.06.21_BirminghamDailyPost	88030
1875.06.21_BirminghamDailyPost_0008	11283	1875.06.21_BirminghamDailyPost	88030
1875.06.21_DailyNews_0001	12697	1875.06.21_DailyNews	99870
1875.06.21_DailyNews_0002	13811	1875.06.21_DailyNews	99870
1875.06.21_DailyNews_0003	15332	1875.06.21_DailyNews	99870
1875.06.21_DailyNews_0004	9789	1875.06.21_DailyNews	99870
1875.06.21_DailyNews_0005	10543	1875.06.21_DailyNews	99870
1875.06.21_DailyNews_0006	14147	1875.06.21_DailyNews	99870
1875.06.21_DailyNews_0007	8812	1875.06.21_DailyNews	99870
1875.06.21_DailyNews_0008	14739	1875.06.21_DailyNews	99870
1875.06.21_Freeman'sJournalandDailyCommercialAdvertiser_0001	8827	1875.06.21_Freeman'sJournalandDailyCommercialAdvertiser	82604
1875.06.21_Freeman'sJournalandDailyCommercialAdvertiser_0002	10764	1875.06.21_Freeman'sJournalandDailyCommercialAdvertiser	82604
1875.06.21_Freeman'sJournalandDailyCommercialAdvertiser_0003	11409	1875.06.21_Freeman'sJournalandDailyCommercialAdvertiser	82604
1875.06.21_Freeman'sJournalandDailyCommercialAdvertiser_0004	8554	1875.06.21_Freeman'sJournalandDailyCommercialAdvertiser	82604
1875.06.21_Freeman'sJournalandDailyCommercialAdvertiser_0005	9974	1875.06.21_Freeman'sJournalandDailyCommercialAdvertiser	82604
1875.06.21_Freeman'sJournalandDailyCommercialAdvertiser_0006	11722	1875.06.21_Freeman'sJournalandDailyCommercialAdvertiser	82604
1875.06.21_Freeman'sJournalandDailyCommercialAdvertiser_0007	11732	1875.06.21_Freeman'sJournalandDailyCommercialAdvertiser	82604
1875.06.21_Freeman'sJournalandDailyCommercialAdvertiser_0008	9622	1875.06.21_Freeman'sJournalandDailyCommercialAdvertiser	82604
1875.06.21_GlasgowHerald_0001	11178	1875.06.21_GlasgowHerald	103234
1875.06.21_GlasgowHerald_0002	11680	1875.06.21_GlasgowHerald	103234
1875.06.21_GlasgowHerald_0003	11768	1875.06.21_GlasgowHerald	103234
1875.06.21_GlasgowHerald_0004	12339	1875.06.21_GlasgowHerald	103234
1875.06.21_GlasgowHerald_0005	15055	1875.06.21_GlasgowHerald	103234
1875.06.21_GlasgowHerald_0006	14147	1875.06.21_GlasgowHerald	103234
1875.06.21_GlasgowHerald_0007	16198	1875.06.21_GlasgowHerald	103234
1875.06.21_GlasgowHerald_0008	10869	1875.06.21_GlasgowHerald	103234
1875.06.21_LiverpoolMercuryetc_0001	11577	1875.06.21_LiverpoolMercuryetc	101710
1875.06.21_LiverpoolMercuryetc_0002	14251	1875.06.21_LiverpoolMercuryetc	101710
1875.06.21_LiverpoolMercuryetc_0003	12893	1875.06.21_LiverpoolMercuryetc	101710
1875.06.21_LiverpoolMercuryetc_0004	12857	1875.06.21_LiverpoolMercuryetc	101710
1875.06.21_LiverpoolMercuryetc_0005	11331	1875.06.21_LiverpoolMercuryetc	101710
1875.06.21_LiverpoolMercuryetc_0006	14623	1875.06.21_LiverpoolMercuryetc	101710
1875.06.21_LiverpoolMercuryetc_0007	12679	1875.06.21_LiverpoolMercuryetc	101710
1875.06.21_LiverpoolMercuryetc_0008	11499	1875.06.21_LiverpoolMercuryetc	101710
1875.06.21_NorthernEcho_0001	6845	1875.06.21_NorthernEcho	32431
1875.06.21_NorthernEcho_0002	7625	1875.06.21_NorthernEcho	32431
1875.06.21_NorthernEcho_0003	8359	1875.06.21_NorthernEcho	32431
1875.06.21_NorthernEcho_0004	9602	1875.06.21_NorthernEcho	32431
1875.06.21_ThePallMallGazette_0001	1637	1875.06.21_ThePallMallGazette	38688
1875.06.21_ThePallMallGazette_0002	2088	1875.06.21_ThePallMallGazette	38688
1875.06.21_ThePallMallGazette_0003	2585	1875.06.21_ThePallMallGazette	38688
1875.06.21_ThePallMallGazette_0004	2149	1875.06.21_ThePallMallGazette	38688
1875.06.21_ThePallMallGazette_0005	2165	1875.06.21_ThePallMallGazette	38688
1875.06.21_ThePallMallGazette_0006	2464	1875.06.21_ThePallMallGazette	38688
1875.06.21_ThePallMallGazette_0007	2743	1875.06.21_ThePallMallGazette	38688
1875.06.21_ThePallMallGazette_0008	2562	1875.06.21_ThePallMallGazette	38688
1875.06.21_ThePallMallGazette_0009	3102	1875.06.21_ThePallMallGazette	38688
1875.06.21_ThePallMallGazette_0010	2262	1875.06.21_ThePallMallGazette	38688
1875.06.21_ThePallMallGazette_0011	2255	1875.06.21_ThePallMallGazette	38688
1875.06.21_ThePallMallGazette_0012	2345	1875.06.21_ThePallMallGazette	38688
1875.06.21_ThePallMallGazette_0013	3339	1875.06.21_ThePallMallGazette	38688
1875.06.21_ThePallMallGazette_0014	2826	1875.06.21_ThePallMallGazette	38688
1875.06.21_ThePallMallGazette_0015	2139	1875.06.21_ThePallMallGazette	38688
1875.06.21_ThePallMallGazette_0016	2027	1875.06.21_ThePallMallGazette	38688
1875.06.21_Times_0001	9912	1875.06.21_Times	232853
1875.06.21_Times_0002	12942	1875.06.21_Times	232853
1875.06.21_Times_0003	11699	1875.06.21_Times	232853
1875.06.21_Times_0004	13416	1875.06.21_Times	232853
1875.06.21_Times_0005	11579	1875.06.21_Times	232853
1875.06.21_Times_0006	5918	1875.06.21_Times	232853
1875.06.21_Times_0007	9032	1875.06.21_Times	232853
1875.06.21_Times_0008	12053	1875.06.21_Times	232853
1875.06.21_Times_0009	11283	1875.06.21_Times	232853
1875.06.21_Times_0010	12292	1875.06.21_Times	232853
1875.06.21_Times_0011	8660	1875.06.21_Times	232853
1875.06.21_Times_0012	10443	1875.06.21_Times	232853
1875.06.21_Times_0013	9798	1875.06.21_Times	232853
1875.06.21_Times_0014	10643	1875.06.21_Times	232853
1875.06.21_Times_0015	12584	1875.06.21_Times	232853
1875.06.21_Times_0016	11436	1875.06.21_Times	232853
1875.06.21_Times_0017	13410	1875.06.21_Times	232853
1875.06.21_Times_0018	15580	1875.06.21_Times	232853
1875.06.21_Times_0019	16378	1875.06.21_Times	232853
1875.06.21_Times_0020	13795	1875.06.21_Times	232853
1875.06.21_WesternMail_0001	9825	1875.06.21_WesternMail	83632
1875.06.21_WesternMail_0002	9556	1875.06.21_WesternMail	83632
1875.06.21_WesternMail_0003	8114	1875.06.21_WesternMail	83632
1875.06.21_WesternMail_0004	8214	1875.06.21_WesternMail	83632
1875.06.21_WesternMail_0005	12799	1875.06.21_WesternMail	83632
1875.06.21_WesternMail_0006	12852	1875.06.21_WesternMail	83632
1875.06.21_WesternMail_0007	11314	1875.06.21_WesternMail	83632
1875.06.21_WesternMail_0008	10958	1875.06.21_WesternMail	83632
1875.06.22_BirminghamDailyPost_0001	10046	1875.06.22_BirminghamDailyPost	85581
1875.06.22_BirminghamDailyPost_0002	10153	1875.06.22_BirminghamDailyPost	85581
1875.06.22_BirminghamDailyPost_0003	9982	1875.06.22_BirminghamDailyPost	85581
1875.06.22_BirminghamDailyPost_0004	9049	1875.06.22_BirminghamDailyPost	85581
1875.06.22_BirminghamDailyPost_0005	10735	1875.06.22_BirminghamDailyPost	85581
1875.06.22_BirminghamDailyPost_0006	12024	1875.06.22_BirminghamDailyPost	85581
1875.06.22_BirminghamDailyPost_0007	12437	1875.06.22_BirminghamDailyPost	85581
1875.06.22_BirminghamDailyPost_0008	11155	1875.06.22_BirminghamDailyPost	85581
1875.06.22_DailyNews_0001	11863	1875.06.22_DailyNews	86837
1875.06.22_DailyNews_0002	12081	1875.06.22_DailyNews	86837
1875.06.22_DailyNews_0003	12938	1875.06.22_DailyNews	86837
1875.06.22_DailyNews_0004	8659	1875.06.22_DailyNews	86837
1875.06.22_DailyNews_0005	8805	1875.06.22_DailyNews	86837
1875.06.22_DailyNews_0006	12095	1875.06.22_DailyNews	86837
1875.06.22_DailyNews_0007	7306	1875.06.22_DailyNews	86837
1875.06.22_DailyNews_0008	13090	1875.06.22_DailyNews	86837
1875.06.22_Freeman'sJournalandDailyCommercialAdvertiser_0001	7891	1875.06.22_Freeman'sJournalandDailyCommercialAdvertiser	71035
1875.06.22_Freeman'sJournalandDailyCommercialAdvertiser_0002	8352	1875.06.22_Freeman'sJournalandDailyCommercialAdvertiser	71035
1875.06.22_Freeman'sJournalandDailyCommercialAdvertiser_0003	11114	1875.06.22_Freeman'sJournalandDailyCommercialAdvertiser	71035
1875.06.22_Freeman'sJournalandDailyCommercialAdvertiser_0004	6655	1875.06.22_Freeman'sJournalandDailyCommercialAdvertiser	71035
1875.06.22_Freeman'sJournalandDailyCommercialAdvertiser_0005	8679	1875.06.22_Freeman'sJournalandDailyCommercialAdvertiser	71035
1875.06.22_Freeman'sJournalandDailyCommercialAdvertiser_0006	9766	1875.06.22_Freeman'sJournalandDailyCommercialAdvertiser	71035
1875.06.22_Freeman'sJournalandDailyCommercialAdvertiser_0007	9662	1875.06.22_Freeman'sJournalandDailyCommercialAdvertiser	71035
1875.06.22_Freeman'sJournalandDailyCommercialAdvertiser_0008	8916	1875.06.22_Freeman'sJournalandDailyCommercialAdvertiser	71035
1875.06.22_GlasgowHerald_0001	7939	1875.06.22_GlasgowHerald	69881
1875.06.22_GlasgowHerald_0002	8454	1875.06.22_GlasgowHerald	69881
1875.06.22_GlasgowHerald_0003	9297	1875.06.22_GlasgowHerald	69881
1875.06.22_GlasgowHerald_0004	8010	1875.06.22_GlasgowHerald	69881
1875.06.22_GlasgowHerald_0005	9077	1875.06.22_GlasgowHerald	69881
1875.06.22_GlasgowHerald_0006	8887	1875.06.22_GlasgowHerald	69881
1875.06.22_GlasgowHerald_0007	11192	1875.06.22_GlasgowHerald	69881
1875.06.22_GlasgowHerald_0008	7025	1875.06.22_GlasgowHerald	69881
1875.06.22_LiverpoolMercuryetc_0001	11587	1875.06.22_LiverpoolMercuryetc	109785
1875.06.22_LiverpoolMercuryetc_0002	14480	1875.06.22_LiverpoolMercuryetc	109785
1875.06.22_LiverpoolMercuryetc_0003	12822	1875.06.22_LiverpoolMercuryetc	109785
1875.06.22_LiverpoolMercuryetc_0004	15607	1875.06.22_LiverpoolMercuryetc	109785
1875.06.22_LiverpoolMercuryetc_0005	12048	1875.06.22_LiverpoolMercuryetc	109785
1875.06.22_LiverpoolMercuryetc_0006	15400	1875.06.22_LiverpoolMercuryetc	109785
1875.06.22_LiverpoolMercuryetc_0007	13651	1875.06.22_LiverpoolMercuryetc	109785
1875.06.22_LiverpoolMercuryetc_0008	14190	1875.06.22_LiverpoolMercuryetc	109785
1875.06.22_NorthernEcho_0001	7127	1875.06.22_NorthernEcho	30827
1875.06.22_NorthernEcho_0002	6888	1875.06.22_NorthernEcho	30827
1875.06.22_NorthernEcho_0003	8138	1875.06.22_NorthernEcho	30827
1875.06.22_NorthernEcho_0004	8674	1875.06.22_NorthernEcho	30827
1875.06.22_TheIpswichJournal_0001	5807	1875.06.22_TheIpswichJournal	39198
1875.06.22_TheIpswichJournal_0002	9170	1875.06.22_TheIpswichJournal	39198
1875.06.22_TheIpswichJournal_0003	11811	1875.06.22_TheIpswichJournal	39198
1875.06.22_TheIpswichJournal_0004	12410	1875.06.22_TheIpswichJournal	39198
1875.06.22_ThePallMallGazette_0001	1648	1875.06.22_ThePallMallGazette	37809
1875.06.22_ThePallMallGazette_0002	2020	1875.06.22_ThePallMallGazette	37809
1875.06.22_ThePallMallGazette_0003	2155	1875.06.22_ThePallMallGazette	37809
1875.06.22_ThePallMallGazette_0004	2141	1875.06.22_ThePallMallGazette	37809
1875.06.22_ThePallMallGazette_0005	2457	1875.06.22_ThePallMallGazette	37809
1875.06.22_ThePallMallGazette_0006	2419	1875.06.22_ThePallMallGazette	37809
1875.06.22_ThePallMallGazette_0007	2595	1875.06.22_ThePallMallGazette	37809
1875.06.22_ThePallMallGazette_0008	2860	1875.06.22_ThePallMallGazette	37809
1875.06.22_ThePallMallGazette_0009	2903	1875.06.22_ThePallMallGazette	37809
1875.06.22_ThePallMallGazette_0010	2344	1875.06.22_ThePallMallGazette	37809
1875.06.22_ThePallMallGazette_0011	2166	1875.06.22_ThePallMallGazette	37809
1875.06.22_ThePallMallGazette_0012	2208	1875.06.22_ThePallMallGazette	37809
1875.06.22_ThePallMallGazette_0013	3258	1875.06.22_ThePallMallGazette	37809
1875.06.22_ThePallMallGazette_0014	2913	1875.06.22_ThePallMallGazette	37809
1875.06.22_ThePallMallGazette_0015	2623	1875.06.22_ThePallMallGazette	37809
1875.06.22_ThePallMallGazette_0016	1099	1875.06.22_ThePallMallGazette	37809
1875.06.22_Times_0001	12353	1875.06.22_Times	184701
1875.06.22_Times_0002	13242	1875.06.22_Times	184701
1875.06.22_Times_0003	12176	1875.06.22_Times	184701
1875.06.22_Times_0004	5010	1875.06.22_Times	184701
1875.06.22_Times_0005	9424	1875.06.22_Times	184701
1875.06.22_Times_0006	16925	1875.06.22_Times	184701
1875.06.22_Times_0007	6265	1875.06.22_Times	184701
1875.06.22_Times_0008	10509	1875.06.22_Times	184701
1875.06.22_Times_0009	8268	1875.06.22_Times	184701
1875.06.22_Times_0010	9203	1875.06.22_Times	184701
1875.06.22_Times_0011	11917	1875.06.22_Times	184701
1875.06.22_Times_0012	11432	1875.06.22_Times	184701
1875.06.22_Times_0013	14679	1875.06.22_Times	184701
1875.06.22_Times_0014	12741	1875.06.22_Times	184701
1875.06.22_Times_0015	14310	1875.06.22_Times	184701
1875.06.22_Times_0016	16247	1875.06.22_Times	184701
1875.06.22_WesternMail_0001	8001	1875.06.22_WesternMail	71853
1875.06.22_WesternMail_0002	8325	1875.06.22_WesternMail	71853
1875.06.22_WesternMail_0003	8209	1875.06.22_WesternMail	71853
1875.06.22_WesternMail_0004	7633	1875.06.22_WesternMail	71853
1875.06.22_WesternMail_0005	10276	1875.06.22_WesternMail	71853
1875.06.22_WesternMail_0006	11136	1875.06.22_WesternMail	71853
1875.06.22_WesternMail_0007	9041	1875.06.22_WesternMail	71853
1875.06.22_WesternMail_0008	9232	1875.06.22_WesternMail	71853
1875.06.23_BaneracAmserauCymru_0001	2534	1875.06.23_BaneracAmserauCymru	72201
1875.06.23_BaneracAmserauCymru_0002	4005	1875.06.23_BaneracAmserauCymru	72201
1875.06.23_BaneracAmserauCymru_0003	3669	1875.06.23_BaneracAmserauCymru	72201
1875.06.23_BaneracAmserauCymru_0004	4333	1875.06.23_BaneracAmserauCymru	72201
1875.06.23_BaneracAmserauCymru_0005	4508	1875.06.23_BaneracAmserauCymru	72201
1875.06.23_BaneracAmserauCymru_0006	5965	1875.06.23_BaneracAmserauCymru	72201
1875.06.23_BaneracAmserauCymru_0007	5290	1875.06.23_BaneracAmserauCymru	72201
1875.06.23_BaneracAmserauCymru_0008	4502	1875.06.23_BaneracAmserauCymru	72201
1875.06.23_BaneracAmserauCymru_0009	3971	1875.06.23_BaneracAmserauCymru	72201
1875.06.23_BaneracAmserauCymru_0010	4883	1875.06.23_BaneracAmserauCymru	72201
1875.06.23_BaneracAmserauCymru_0011	4775	1875.06.23_BaneracAmserauCymru	72201
1875.06.23_BaneracAmserauCymru_0012	4553	1875.06.23_BaneracAmserauCymru	72201
1875.06.23_BaneracAmserauCymru_0013	5769	1875.06.23_BaneracAmserauCymru	72201
1875.06.23_BaneracAmserauCymru_0014	5812	1875.06.23_BaneracAmserauCymru	72201
1875.06.23_BaneracAmserauCymru_0015	5040	1875.06.23_BaneracAmserauCymru	72201
1875.06.23_BaneracAmserauCymru_0016	2592	1875.06.23_BaneracAmserauCymru	72201
1875.06.23_BirminghamDailyPost_0001	9634	1875.06.23_BirminghamDailyPost	88194
1875.06.23_BirminghamDailyPost_0002	11292	1875.06.23_BirminghamDailyPost	88194
1875.06.23_BirminghamDailyPost_0003	10726	1875.06.23_BirminghamDailyPost	88194
1875.06.23_BirminghamDailyPost_0004	9681	1875.06.23_BirminghamDailyPost	88194
1875.06.23_BirminghamDailyPost_0005	12456	1875.06.23_BirminghamDailyPost	88194
1875.06.23_BirminghamDailyPost_0006	12942	1875.06.23_BirminghamDailyPost	88194
1875.06.23_BirminghamDailyPost_0007	10591	1875.06.23_BirminghamDailyPost	88194
1875.06.23_BirminghamDailyPost_0008	10872	1875.06.23_BirminghamDailyPost	88194
1875.06.23_DailyNews_0001	10821	1875.06.23_DailyNews	93230
1875.06.23_DailyNews_0002	13421	1875.06.23_DailyNews	93230
1875.06.23_DailyNews_0003	14849	1875.06.23_DailyNews	93230
1875.06.23_DailyNews_0004	10403	1875.06.23_DailyNews	93230
1875.06.23_DailyNews_0005	10541	1875.06.23_DailyNews	93230
1875.06.23_DailyNews_0006	14084	1875.06.23_DailyNews	93230
1875.06.23_DailyNews_0007	8677	1875.06.23_DailyNews	93230
1875.06.23_DailyNews_0008	10434	1875.06.23_DailyNews	93230
1875.06.23_Freeman'sJournalandDailyCommercialAdvertiser_0001	7540	1875.06.23_Freeman'sJournalandDailyCommercialAdvertiser	68555
1875.06.23_Freeman'sJournalandDailyCommercialAdvertiser_0002	7808	1875.06.23_Freeman'sJournalandDailyCommercialAdvertiser	68555
1875.06.23_Freeman'sJournalandDailyCommercialAdvertiser_0003	9927	1875.06.23_Freeman'sJournalandDailyCommercialAdvertiser	68555
1875.06.23_Freeman'sJournalandDailyCommercialAdvertiser_0004	5619	1875.06.23_Freeman'sJournalandDailyCommercialAdvertiser	68555
1875.06.23_Freeman'sJournalandDailyCommercialAdvertiser_0005	7857	1875.06.23_Freeman'sJournalandDailyCommercialAdvertiser	68555
1875.06.23_Freeman'sJournalandDailyCommercialAdvertiser_0006	10250	1875.06.23_Freeman'sJournalandDailyCommercialAdvertiser	68555
1875.06.23_Freeman'sJournalandDailyCommercialAdvertiser_0007	10728	1875.06.23_Freeman'sJournalandDailyCommercialAdvertiser	68555
1875.06.23_Freeman'sJournalandDailyCommercialAdvertiser_0008	8826	1875.06.23_Freeman'sJournalandDailyCommercialAdvertiser	68555
1875.06.23_GlasgowHerald_0001	11463	1875.06.23_GlasgowHerald	106152
1875.06.23_GlasgowHerald_0002	12607	1875.06.23_GlasgowHerald	106152
1875.06.23_GlasgowHerald_0003	11586	1875.06.23_GlasgowHerald	106152
1875.06.23_GlasgowHerald_0004	14128	1875.06.23_GlasgowHerald	106152
1875.06.23_GlasgowHerald_0005	14943	1875.06.23_GlasgowHerald	106152
1875.06.23_GlasgowHerald_0006	15074	1875.06.23_GlasgowHerald	106152
1875.06.23_GlasgowHerald_0007	15096	1875.06.23_GlasgowHerald	106152
1875.06.23_GlasgowHerald_0008	11255	1875.06.23_GlasgowHerald	106152
1875.06.23_HampshireTelegraphandSussexChronicleetc_0001	10117	1875.06.23_HampshireTelegraphandSussexChronicleetc	61545
1875.06.23_HampshireTelegraphandSussexChronicleetc_0002	15003	1875.06.23_HampshireTelegraphandSussexChronicleetc	61545
1875.06.23_HampshireTelegraphandSussexChronicleetc_0003	19212	1875.06.23_HampshireTelegraphandSussexChronicleetc	61545
1875.06.23_HampshireTelegraphandSussexChronicleetc_0004	17213	1875.06.23_HampshireTelegraphandSussexChronicleetc	61545
1875.06.23_LiverpoolMercuryetc_0001	11265	1875.06.23_LiverpoolMercuryetc	107443
1875.06.23_LiverpoolMercuryetc_0002	15065	1875.06.23_LiverpoolMercuryetc	107443
1875.06.23_LiverpoolMercuryetc_0003	13670	1875.06.23_LiverpoolMercuryetc	107443
1875.06.23_LiverpoolMercuryetc_0004	12866	1875.06.23_LiverpoolMercuryetc	107443
1875.06.23_LiverpoolMercuryetc_0005	13237	1875.06.23_LiverpoolMercuryetc	107443
1875.06.23_LiverpoolMercuryetc_0006	13153	1875.06.23_LiverpoolMercuryetc	107443
1875.06.23_LiverpoolMercuryetc_0007	13677	1875.06.23_LiverpoolMercuryetc	107443
1875.06.23_LiverpoolMercuryetc_0008	14510	1875.06.23_LiverpoolMercuryetc	107443
1875.06.23_NorthernEcho_0001	6684	1875.06.23_NorthernEcho	30684
1875.06.23_NorthernEcho_0002	7128	1875.06.23_NorthernEcho	30684
1875.06.23_NorthernEcho_0003	7970	1875.06.23_NorthernEcho	30684
1875.06.23_NorthernEcho_0004	8902	1875.06.23_NorthernEcho	30684
1875.06.23_TheAberdeenJournal_0001	8738	1875.06.23_TheAberdeenJournal	95023
1875.06.23_TheAberdeenJournal_0002	11700	1875.06.23_TheAberdeenJournal	95023
1875.06.23_TheAberdeenJournal_0003	14220	1875.06.23_TheAberdeenJournal	95023
1875.06.23_TheAberdeenJournal_0004	8456	1875.06.23_TheAberdeenJournal	95023
1875.06.23_TheAberdeenJournal_0005	13991	1875.06.23_TheAberdeenJournal	95023
1875.06.23_TheAberdeenJournal_0006	13070	1875.06.23_TheAberdeenJournal	95023
1875.06.23_TheAberdeenJournal_0007	13543	1875.06.23_TheAberdeenJournal	95023
1875.06.23_TheAberdeenJournal_0008	11305	1875.06.23_TheAberdeenJournal	95023
1875.06.23_TheDerbyMercury_0001	8221	1875.06.23_TheDerbyMercury	88649
1875.06.23_TheDerbyMercury_0002	13944	1875.06.23_TheDerbyMercury	88649
1875.06.23_TheDerbyMercury_0003	15117	1875.06.23_TheDerbyMercury	88649
1875.06.23_TheDerbyMercury_0004	6286	1875.06.23_TheDerbyMercury	88649
1875.06.23_TheDerbyMercury_0005	10805	1875.06.23_TheDerbyMercury	88649
1875.06.23_TheDerbyMercury_0006	10922	1875.06.23_TheDerbyMercury	88649
1875.06.23_TheDerbyMercury_0007	11314	1875.06.23_TheDerbyMercury	88649
1875.06.23_TheDerbyMercury_0008	12040	1875.06.23_TheDerbyMercury	88649
1875.06.23_ThePallMallGazette_0001	1574	1875.06.23_ThePallMallGazette	38564
1875.06.23_ThePallMallGazette_0002	2069	1875.06.23_ThePallMallGazette	38564
1875.06.23_ThePallMallGazette_0003	2074	1875.06.23_ThePallMallGazette	38564
1875.06.23_ThePallMallGazette_0004	2120	1875.06.23_ThePallMallGazette	38564
1875.06.23_ThePallMallGazette_0005	2763	1875.06.23_ThePallMallGazette	38564
1875.06.23_ThePallMallGazette_0006	2554	1875.06.23_ThePallMallGazette	38564
1875.06.23_ThePallMallGazette_0007	2350	1875.06.23_ThePallMallGazette	38564
1875.06.23_ThePallMallGazette_0008	1988	1875.06.23_ThePallMallGazette	38564
1875.06.23_ThePallMallGazette_0009	2988	1875.06.23_ThePallMallGazette	38564
1875.06.23_ThePallMallGazette_0010	2217	1875.06.23_ThePallMallGazette	38564
1875.06.23_ThePallMallGazette_0011	2225	1875.06.23_ThePallMallGazette	38564
1875.06.23_ThePallMallGazette_0012	2375	1875.06.23_ThePallMallGazette	38564
1875.06.23_ThePallMallGazette_0013	3278	1875.06.23_ThePallMallGazette	38564
1875.06.23_ThePallMallGazette_0014	3073	1875.06.23_ThePallMallGazette	38564
1875.06.23_ThePallMallGazette_0015	3011	1875.06.23_ThePallMallGazette	38564
1875.06.23_ThePallMallGazette_0016	1905	1875.06.23_ThePallMallGazette	38564
1875.06.23_Times_0001	12676	1875.06.23_Times	239583
1875.06.23_Times_0002	12652	1875.06.23_Times	239583
1875.06.23_Times_0003	12074	1875.06.23_Times	239583
1875.06.23_Times_0004	13725	1875.06.23_Times	239583
1875.06.23_Times_0005	12695	1875.06.23_Times	239583
1875.06.23_Times_0006	4953	1875.06.23_Times	239583
1875.06.23_Times_0007	9898	1875.06.23_Times	239583
1875.06.23_Times_0008	14810	1875.06.23_Times	239583
1875.06.23_Times_0009	9089	1875.06.23_Times	239583
1875.06.23_Times_0010	11928	1875.06.23_Times	239583
1875.06.23_Times_0011	8447	1875.06.23_Times	239583
1875.06.23_Times_0012	11126	1875.06.23_Times	239583
1875.06.23_Times_0013	9088	1875.06.23_Times	239583
1875.06.23_Times_0014	10461	1875.06.23_Times	239583
1875.06.23_Times_0015	14393	1875.06.23_Times	239583
1875.06.23_Times_0016	12787	1875.06.23_Times	239583
1875.06.23_Times_0017	14768	1875.06.23_Times	239583
1875.06.23_Times_0018	12207	1875.06.23_Times	239583
1875.06.23_Times_0019	15603	1875.06.23_Times	239583
1875.06.23_Times_0020	16203	1875.06.23_Times	239583
1875.06.23_Trewman'sExeterFlyingPostorPlymouthandCornishAdvertiser_0001	8429	1875.06.23_Trewman'sExeterFlyingPostorPlymouthandCornishAdvertiser	91893
1875.06.23_Trewman'sExeterFlyingPostorPlymouthandCornishAdvertiser_0002	11374	1875.06.23_Trewman'sExeterFlyingPostorPlymouthandCornishAdvertiser	91893
1875.06.23_Trewman'sExeterFlyingPostorPlymouthandCornishAdvertiser_0003	12650	1875.06.23_Trewman'sExeterFlyingPostorPlymouthandCornishAdvertiser	91893
1875.06.23_Trewman'sExeterFlyingPostorPlymouthandCornishAdvertiser_0004	6405	1875.06.23_Trewman'sExeterFlyingPostorPlymouthandCornishAdvertiser	91893
1875.06.23_Trewman'sExeterFlyingPostorPlymouthandCornishAdvertiser_0005	12609	1875.06.23_Trewman'sExeterFlyingPostorPlymouthandCornishAdvertiser	91893
1875.06.23_Trewman'sExeterFlyingPostorPlymouthandCornishAdvertiser_0006	15399	1875.06.23_Trewman'sExeterFlyingPostorPlymouthandCornishAdvertiser	91893
1875.06.23_Trewman'sExeterFlyingPostorPlymouthandCornishAdvertiser_0007	12871	1875.06.23_Trewman'sExeterFlyingPostorPlymouthandCornishAdvertiser	91893
1875.06.23_Trewman'sExeterFlyingPostorPlymouthandCornishAdvertiser_0008	12156	1875.06.23_Trewman'sExeterFlyingPostorPlymouthandCornishAdvertiser	91893
1875.06.23_WesternMail_0001	9458	1875.06.23_WesternMail	84341
1875.06.23_WesternMail_0002	8633	1875.06.23_WesternMail	84341
1875.06.23_WesternMail_0003	9563	1875.06.23_WesternMail	84341
1875.06.23_WesternMail_0004	8630	1875.06.23_WesternMail	84341
1875.06.23_WesternMail_0005	13009	1875.06.23_WesternMail	84341
1875.06.23_WesternMail_0006	13463	1875.06.23_WesternMail	84341
1875.06.23_WesternMail_0007	11637	1875.06.23_WesternMail	84341
1875.06.23_WesternMail_0008	9948	1875.06.23_WesternMail	84341
1875.06.24_BirminghamDailyPost_0001	12901	1875.06.24_BirminghamDailyPost	99380
1875.06.24_BirminghamDailyPost_0002	11611	1875.06.24_BirminghamDailyPost	99380
1875.06.24_BirminghamDailyPost_0003	11943	1875.06.24_BirminghamDailyPost	99380
1875.06.24_BirminghamDailyPost_0004	9897	1875.06.24_BirminghamDailyPost	99380
1875.06.24_BirminghamDailyPost_0005	12885	1875.06.24_BirminghamDailyPost	99380
1875.06.24_BirminghamDailyPost_0006	14439	1875.06.24_BirminghamDailyPost	99380
1875.06.24_BirminghamDailyPost_0007	12571	1875.06.24_BirminghamDailyPost	99380
1875.06.24_BirminghamDailyPost_0008	13133	1875.06.24_BirminghamDailyPost	99380
1875.06.24_DailyNews_0001	7197	1875.06.24_DailyNews	79587
1875.06.24_DailyNews_0002	10811	1875.06.24_DailyNews	79587
1875.06.24_DailyNews_0003	11723	1875.06.24_DailyNews	79587
1875.06.24_DailyNews_0004	9353	1875.06.24_DailyNews	79587
1875.06.24_DailyNews_0005	9142	1875.06.24_DailyNews	79587
1875.06.24_DailyNews_0006	12987	1875.06.24_DailyNews	79587
1875.06.24_DailyNews_0007	7880	1875.06.24_DailyNews	79587
1875.06.24_DailyNews_0008	10494	1875.06.24_DailyNews	79587
1875.06.24_Freeman'sJournalandDailyCommercialAdvertiser_0001	8781	1875.06.24_Freeman'sJournalandDailyCommercialAdvertiser	82339
1875.06.24_Freeman'sJournalandDailyCommercialAdvertiser_0002	11564	1875.06.24_Freeman'sJournalandDailyCommercialAdvertiser	82339
1875.06.24_Freeman'sJournalandDailyCommercialAdvertiser_0003	11559	1875.06.24_Freeman'sJournalandDailyCommercialAdvertiser	82339
1875.06.24_Freeman'sJournalandDailyCommercialAdvertiser_0004	7252	1875.06.24_Freeman'sJournalandDailyCommercialAdvertiser	82339
1875.06.24_Freeman'sJournalandDailyCommercialAdvertiser_0005	10237	1875.06.24_Freeman'sJournalandDailyCommercialAdvertiser	82339
1875.06.24_Freeman'sJournalandDailyCommercialAdvertiser_0006	11608	1875.06.24_Freeman'sJournalandDailyCommercialAdvertiser	82339
1875.06.24_Freeman'sJournalandDailyCommercialAdvertiser_0007	11308	1875.06.24_Freeman'sJournalandDailyCommercialAdvertiser	82339
1875.06.24_Freeman'sJournalandDailyCommercialAdvertiser_0008	10030	1875.06.24_Freeman'sJournalandDailyCommercialAdvertiser	82339
1875.06.24_GlasgowHerald_0001	6839	1875.06.24_GlasgowHerald	69027
1875.06.24_GlasgowHerald_0002	9416	1875.06.24_GlasgowHerald	69027
1875.06.24_GlasgowHerald_0003	10247	1875.06.24_GlasgowHerald	69027
1875.06.24_GlasgowHerald_0004	8049	1875.06.24_GlasgowHerald	69027
1875.06.24_GlasgowHerald_0005	8102	1875.06.24_GlasgowHerald	69027
1875.06.24_GlasgowHerald_0006	8530	1875.06.24_GlasgowHerald	69027
1875.06.24_GlasgowHerald_0007	11113	1875.06.24_GlasgowHerald	69027
1875.06.24_GlasgowHerald_0008	6731	1875.06.24_GlasgowHerald	69027
1875.06.24_LiverpoolMercuryetc_0001	10795	1875.06.24_LiverpoolMercuryetc	102803
1875.06.24_LiverpoolMercuryetc_0002	13492	1875.06.24_LiverpoolMercuryetc	102803
1875.06.24_LiverpoolMercuryetc_0003	15041	1875.06.24_LiverpoolMercuryetc	102803
1875.06.24_LiverpoolMercuryetc_0004	12120	1875.06.24_LiverpoolMercuryetc	102803
1875.06.24_LiverpoolMercuryetc_0005	12284	1875.06.24_LiverpoolMercuryetc	102803
1875.06.24_LiverpoolMercuryetc_0006	11795	1875.06.24_LiverpoolMercuryetc	102803
1875.06.24_LiverpoolMercuryetc_0007	13113	1875.06.24_LiverpoolMercuryetc	102803
1875.06.24_LiverpoolMercuryetc_0008	14163	1875.06.24_LiverpoolMercuryetc	102803
1875.06.24_NorthernEcho_0001	6426	1875.06.24_NorthernEcho	30801
1875.06.24_NorthernEcho_0002	6968	1875.06.24_NorthernEcho	30801
1875.06.24_NorthernEcho_0003	8442	1875.06.24_NorthernEcho	30801
1875.06.24_NorthernEcho_0004	8965	1875.06.24_NorthernEcho	30801
1875.06.24_ThePallMallGazette_0001	1581	1875.06.24_ThePallMallGazette	39283
1875.06.24_ThePallMallGazette_0002	2048	1875.06.24_ThePallMallGazette	39283
1875.06.24_ThePallMallGazette_0003	2670	1875.06.24_ThePallMallGazette	39283
1875.06.24_ThePallMallGazette_0004	2099	1875.06.24_ThePallMallGazette	39283
1875.06.24_ThePallMallGazette_0005	2130	1875.06.24_ThePallMallGazette	39283
1875.06.24_ThePallMallGazette_0006	2423	1875.06.24_ThePallMallGazette	39283
1875.06.24_ThePallMallGazette_0007	2730	1875.06.24_ThePallMallGazette	39283
1875.06.24_ThePallMallGazette_0008	2323	1875.06.24_ThePallMallGazette	39283
1875.06.24_ThePallMallGazette_0009	2801	1875.06.24_ThePallMallGazette	39283
1875.06.24_ThePallMallGazette_0010	2211	1875.06.24_ThePallMallGazette	39283
1875.06.24_ThePallMallGazette_0011	2123	1875.06.24_ThePallMallGazette	39283
1875.06.24_ThePallMallGazette_0012	2285	1875.06.24_ThePallMallGazette	39283
1875.06.24_ThePallMallGazette_0013	3392	1875.06.24_ThePallMallGazette	39283
1875.06.24_ThePallMallGazette_0014	2982	1875.06.24_ThePallMallGazette	39283
1875.06.24_ThePallMallGazette_0015	3131	1875.06.24_ThePallMallGazette	39283
1875.06.24_ThePallMallGazette_0016	2354	1875.06.24_ThePallMallGazette	39283
1875.06.24_Times_0001	12806	1875.06.24_Times	186734
1875.06.24_Times_0002	13460	1875.06.24_Times	186734
1875.06.24_Times_0003	12479	1875.06.24_Times	186734
1875.06.24_Times_0004	14341	1875.06.24_Times	186734
1875.06.24_Times_0005	9776	1875.06.24_Times	186734
1875.06.24_Times_0006	12611	1875.06.24_Times	186734
1875.06.24_Times_0007	7904	1875.06.24_Times	186734
1875.06.24_Times_0008	10503	1875.06.24_Times	186734
1875.06.24_Times_0009	8418	1875.06.24_Times	186734
1875.06.24_Times_0010	9277	1875.06.24_Times	186734
1875.06.24_Times_0011	11421	1875.06.24_Times	186734
1875.06.24_Times_0012	10714	1875.06.24_Times	186734
1875.06.24_Times_0013	13030	1875.06.24_Times	186734
1875.06.24_Times_0014	13383	1875.06.24_Times	186734
1875.06.24_Times_0015	12407	1875.06.24_Times	186734
1875.06.24_Times_0016	14204	1875.06.24_Times	186734
1875.06.24_WesternMail_0001	8062	1875.06.24_WesternMail	72161
1875.06.24_WesternMail_0002	8579	1875.06.24_WesternMail	72161
1875.06.24_WesternMail_0003	8038	1875.06.24_WesternMail	72161
1875.06.24_WesternMail_0004	7181	1875.06.24_WesternMail	72161
1875.06.24_WesternMail_0005	10152	1875.06.24_WesternMail	72161
1875.06.24_WesternMail_0006	11020	1875.06.24_WesternMail	72161
1875.06.24_WesternMail_0007	9922	1875.06.24_WesternMail	72161
1875.06.24_WesternMail_0008	9207	1875.06.24_WesternMail	72161
1875.06.25_BirminghamDailyPost_0001	10065	1875.06.25_BirminghamDailyPost	90201
1875.06.25_BirminghamDailyPost_0002	11499	1875.06.25_BirminghamDailyPost	90201
1875.06.25_BirminghamDailyPost_0003	10932	1875.06.25_BirminghamDailyPost	90201
1875.06.25_BirminghamDailyPost_0004	10340	1875.06.25_BirminghamDailyPost	90201
1875.06.25_BirminghamDailyPost_0005	12779	1875.06.25_BirminghamDailyPost	90201
1875.06.25_BirminghamDailyPost_0006	12381	1875.06.25_BirminghamDailyPost	90201
1875.06.25_BirminghamDailyPost_0007	10884	1875.06.25_BirminghamDailyPost	90201
1875.06.25_BirminghamDailyPost_0008	11321	1875.06.25_BirminghamDailyPost	90201
1875.06.25_DailyNews_0001	12314	1875.06.25_DailyNews	89878
1875.06.25_DailyNews_0002	13066	1875.06.25_DailyNews	89878
1875.06.25_DailyNews_0003	14178	1875.06.25_DailyNews	89878
1875.06.25_DailyNews_0004	9083	1875.06.25_DailyNews	89878
1875.06.25_DailyNews_0005	9686	1875.06.25_DailyNews	89878
1875.06.25_DailyNews_0006	12885	1875.06.25_DailyNews	89878
1875.06.25_DailyNews_0007	8174	1875.06.25_DailyNews	89878
1875.06.25_DailyNews_0008	10492	1875.06.25_DailyNews	89878
1875.06.25_Freeman'sJournalandDailyCommercialAdvertiser_0001	7609	1875.06.25_Freeman'sJournalandDailyCommercialAdvertiser	73838
1875.06.25_Freeman'sJournalandDailyCommercialAdvertiser_0002	8798	1875.06.25_Freeman'sJournalandDailyCommercialAdvertiser	73838
1875.06.25_Freeman'sJournalandDailyCommercialAdvertiser_0003	8897	1875.06.25_Freeman'sJournalandDailyCommercialAdvertiser	73838
1875.06.25_Freeman'sJournalandDailyCommercialAdvertiser_0004	7261	1875.06.25_Freeman'sJournalandDailyCommercialAdvertiser	73838
1875.06.25_Freeman'sJournalandDailyCommercialAdvertiser_0005	9256	1875.06.25_Freeman'sJournalandDailyCommercialAdvertiser	73838
1875.06.25_Freeman'sJournalandDailyCommercialAdvertiser_0006	10256	1875.06.25_Freeman'sJournalandDailyCommercialAdvertiser	73838
1875.06.25_Freeman'sJournalandDailyCommercialAdvertiser_0007	11537	1875.06.25_Freeman'sJournalandDailyCommercialAdvertiser	73838
1875.06.25_Freeman'sJournalandDailyCommercialAdvertiser_0008	10224	1875.06.25_Freeman'sJournalandDailyCommercialAdvertiser	73838
1875.06.25_GlasgowHerald_0001	10653	1875.06.25_GlasgowHerald	98850
1875.06.25_GlasgowHerald_0002	11914	1875.06.25_GlasgowHerald	98850
1875.06.25_GlasgowHerald_0003	12413	1875.06.25_GlasgowHerald	98850
1875.06.25_GlasgowHerald_0004	13358	1875.06.25_GlasgowHerald	98850
1875.06.25_GlasgowHerald_0005	14818	1875.06.25_GlasgowHerald	98850
1875.06.25_GlasgowHerald_0006	13488	1875.06.25_GlasgowHerald	98850
1875.06.25_GlasgowHerald_0007	11114	1875.06.25_GlasgowHerald	98850
1875.06.25_GlasgowHerald_0008	11092	1875.06.25_GlasgowHerald	98850
1875.06.25_LiverpoolMercuryetc_0001	10998	1875.06.25_LiverpoolMercuryetc	124471
1875.06.25_LiverpoolMercuryetc_0002	15543	1875.06.25_LiverpoolMercuryetc	124471
1875.06.25_LiverpoolMercuryetc_0003	16506	1875.06.25_LiverpoolMercuryetc	124471
1875.06.25_LiverpoolMercuryetc_0004	17887	1875.06.25_LiverpoolMercuryetc	124471
1875.06.25_LiverpoolMercuryetc_0005	17508	1875.06.25_LiverpoolMercuryetc	124471
1875.06.25_LiverpoolMercuryetc_0006	14526	1875.06.25_LiverpoolMercuryetc	124471
1875.06.25_LiverpoolMercuryetc_0007	15317	1875.06.25_LiverpoolMercuryetc	124471
1875.06.25_LiverpoolMercuryetc_0008	16186	1875.06.25_LiverpoolMercuryetc	124471
1875.06.25_NorthernEcho_0001	7008	1875.06.25_NorthernEcho	31230
1875.06.25_NorthernEcho_0002	6559	1875.06.25_NorthernEcho	31230
1875.06.25_NorthernEcho_0003	9049	1875.06.25_NorthernEcho	31230
1875.06.25_NorthernEcho_0004	8614	1875.06.25_NorthernEcho	31230
1875.06.25_TheHullPacketandEastRidingTimes_0001	5628	1875.06.25_TheHullPacketandEastRidingTimes	79023
1875.06.25_TheHullPacketandEastRidingTimes_0002	10528	1875.06.25_TheHullPacketandEastRidingTimes	79023
1875.06.25_TheHullPacketandEastRidingTimes_0003	10418	1875.06.25_TheHullPacketandEastRidingTimes	79023
1875.06.25_TheHullPacketandEastRidingTimes_0004	8905	1875.06.25_TheHullPacketandEastRidingTimes	79023
1875.06.25_TheHullPacketandEastRidingTimes_0005	10036	1875.06.25_TheHullPacketandEastRidingTimes	79023
1875.06.25_TheHullPacketandEastRidingTimes_0006	12189	1875.06.25_TheHullPacketandEastRidingTimes	79023
1875.06.25_TheHullPacketandEastRidingTimes_0007	10682	1875.06.25_TheHullPacketandEastRidingTimes	79023
1875.06.25_TheHullPacketandEastRidingTimes_0008	10637	1875.06.25_TheHullPacketandEastRidingTimes	79023
1875.06.25_ThePallMallGazette_0001	1587	1875.06.25_ThePallMallGazette	37989
1875.06.25_ThePallMallGazette_0002	2108	1875.06.25_ThePallMallGazette	37989
1875.06.25_ThePallMallGazette_0003	2190	1875.06.25_ThePallMallGazette	37989
1875.06.25_ThePallMallGazette_0004	1977	1875.06.25_ThePallMallGazette	37989
1875.06.25_ThePallMallGazette_0005	2561	1875.06.25_ThePallMallGazette	37989
1875.06.25_ThePallMallGazette_0006	2534	1875.06.25_ThePallMallGazette	37989
1875.06.25_ThePallMallGazette_0007	2322	1875.06.25_ThePallMallGazette	37989
1875.06.25_ThePallMallGazette_0008	2114	1875.06.25_ThePallMallGazette	37989
1875.06.25_ThePallMallGazette_0009	2802	1875.06.25_ThePallMallGazette	37989
1875.06.25_ThePallMallGazette_0010	2160	1875.06.25_ThePallMallGazette	37989
1875.06.25_ThePallMallGazette_0011	2308	1875.06.25_ThePallMallGazette	37989
1875.06.25_ThePallMallGazette_0012	2147	1875.06.25_ThePallMallGazette	37989
1875.06.25_ThePallMallGazette_0013	3185	1875.06.25_ThePallMallGazette	37989
1875.06.25_ThePallMallGazette_0014	2842	1875.06.25_ThePallMallGazette	37989
1875.06.25_ThePallMallGazette_0015	2899	1875.06.25_ThePallMallGazette	37989
1875.06.25_ThePallMallGazette_0016	2253	1875.06.25_ThePallMallGazette	37989
1875.06.25_Times_0001	12477	1875.06.25_Times	192177
1875.06.25_Times_0002	13144	1875.06.25_Times	192177
1875.06.25_Times_0003	12109	1875.06.25_Times	192177
1875.06.25_Times_0004	5972	1875.06.25_Times	192177
1875.06.25_Times_0005	34017	1875.06.25_Times	192177
1875.06.25_Times_0006	0	1875.06.25_Times	192177
1875.06.25_Times_0007	3393	1875.06.25_Times	192177
1875.06.25_Times_0008	9663	1875.06.25_Times	192177
1875.06.25_Times_0009	15921	1875.06.25_Times	192177
1875.06.25_Times_0010	4937	1875.06.25_Times	192177
1875.06.25_Times_0011	11435	1875.06.25_Times	192177
1875.06.25_Times_0012	10604	1875.06.25_Times	192177
1875.06.25_Times_0013	13969	1875.06.25_Times	192177
1875.06.25_Times_0014	16147	1875.06.25_Times	192177
1875.06.25_Times_0015	13820	1875.06.25_Times	192177
1875.06.25_Times_0016	14569	1875.06.25_Times	192177
1875.06.25_WesternMail_0001	9275	1875.06.25_WesternMail	74315
1875.06.25_WesternMail_0002	9063	1875.06.25_WesternMail	74315
1875.06.25_WesternMail_0003	8045	1875.06.25_WesternMail	74315
1875.06.25_WesternMail_0004	7686	1875.06.25_WesternMail	74315
1875.06.25_WesternMail_0005	10603	1875.06.25_WesternMail	74315
1875.06.25_WesternMail_0006	11178	1875.06.25_WesternMail	74315
1875.06.25_WesternMail_0007	9618	1875.06.25_WesternMail	74315
1875.06.25_WesternMail_0008	8847	1875.06.25_WesternMail	74315
1875.06.26_BaneracAmserauCymru_0001	2704	1875.06.26_BaneracAmserauCymru	32663
1875.06.26_BaneracAmserauCymru_0002	4097	1875.06.26_BaneracAmserauCymru	32663
1875.06.26_BaneracAmserauCymru_0003	4207	1875.06.26_BaneracAmserauCymru	32663
1875.06.26_BaneracAmserauCymru_0004	4264	1875.06.26_BaneracAmserauCymru	32663
1875.06.26_BaneracAmserauCymru_0005	4595	1875.06.26_BaneracAmserauCymru	32663
1875.06.26_BaneracAmserauCymru_0006	3569	1875.06.26_BaneracAmserauCymru	32663
1875.06.26_BaneracAmserauCymru_0007	5196	1875.06.26_BaneracAmserauCymru	32663
1875.06.26_BaneracAmserauCymru_0008	4031	1875.06.26_BaneracAmserauCymru	32663
1875.06.26_BirminghamDailyPost_0001	14704	1875.06.26_BirminghamDailyPost	105162
1875.06.26_BirminghamDailyPost_0002	10517	1875.06.26_BirminghamDailyPost	105162
1875.06.26_BirminghamDailyPost_0003	13323	1875.06.26_BirminghamDailyPost	105162
1875.06.26_BirminghamDailyPost_0004	12606	1875.06.26_BirminghamDailyPost	105162
1875.06.26_BirminghamDailyPost_0005	12360	1875.06.26_BirminghamDailyPost	105162
1875.06.26_BirminghamDailyPost_0006	14372	1875.06.26_BirminghamDailyPost	105162
1875.06.26_BirminghamDailyPost_0007	11461	1875.06.26_BirminghamDailyPost	105162
1875.06.26_BirminghamDailyPost_0008	15819	1875.06.26_BirminghamDailyPost	105162
1875.06.26_DailyNews_0001	11034	1875.06.26_DailyNews	93342
1875.06.26_DailyNews_0002	12728	1875.06.26_DailyNews	93342
1875.06.26_DailyNews_0003	13571	1875.06.26_DailyNews	93342
1875.06.26_DailyNews_0004	10715	1875.06.26_DailyNews	93342
1875.06.26_DailyNews_0005	10610	1875.06.26_DailyNews	93342
1875.06.26_DailyNews_0006	14645	1875.06.26_DailyNews	93342
1875.06.26_DailyNews_0007	7040	1875.06.26_DailyNews	93342
1875.06.26_DailyNews_0008	12999	1875.06.26_DailyNews	93342
1875.06.26_Freeman'sJournalandDailyCommercialAdvertiser_0001	8241	1875.06.26_Freeman'sJournalandDailyCommercialAdvertiser	70765
1875.06.26_Freeman'sJournalandDailyCommercialAdvertiser_0002	7317	1875.06.26_Freeman'sJournalandDailyCommercialAdvertiser	70765
1875.06.26_Freeman'sJournalandDailyCommercialAdvertiser_0003	7499	1875.06.26_Freeman'sJournalandDailyCommercialAdvertiser	70765
1875.06.26_Freeman'sJournalandDailyCommercialAdvertiser_0004	5997	1875.06.26_Freeman'sJournalandDailyCommercialAdvertiser	70765
1875.06.26_Freeman'sJournalandDailyCommercialAdvertiser_0005	8985	1875.06.26_Freeman'sJournalandDailyCommercialAdvertiser	70765
1875.06.26_Freeman'sJournalandDailyCommercialAdvertiser_0006	10878	1875.06.26_Freeman'sJournalandDailyCommercialAdvertiser	70765
1875.06.26_Freeman'sJournalandDailyCommercialAdvertiser_0007	12192	1875.06.26_Freeman'sJournalandDailyCommercialAdvertiser	70765
1875.06.26_Freeman'sJournalandDailyCommercialAdvertiser_0008	9656	1875.06.26_Freeman'sJournalandDailyCommercialAdvertiser	70765
1875.06.26_GlasgowHerald_0001	9519	1875.06.26_GlasgowHerald	82743
1875.06.26_GlasgowHerald_0002	9588	1875.06.26_GlasgowHerald	82743
1875.06.26_GlasgowHerald_0003	11521	1875.06.26_GlasgowHerald	82743
1875.06.26_GlasgowHerald_0004	11259	1875.06.26_GlasgowHerald	82743
1875.06.26_GlasgowHerald_0005	10828	1875.06.26_GlasgowHerald	82743
1875.06.26_GlasgowHerald_0006	12190	1875.06.26_GlasgowHerald	82743
1875.06.26_GlasgowHerald_0007	9405	1875.06.26_GlasgowHerald	82743
1875.06.26_GlasgowHerald_0008	8433	1875.06.26_GlasgowHerald	82743
1875.06.26_HampshireTelegraphandSussexChronicleetc_0001	11680	1875.06.26_HampshireTelegraphandSussexChronicleetc	107742
1875.06.26_HampshireTelegraphandSussexChronicleetc_0002	11270	1875.06.26_HampshireTelegraphandSussexChronicleetc	107742
1875.06.26_HampshireTelegraphandSussexChronicleetc_0003	13470	1875.06.26_HampshireTelegraphandSussexChronicleetc	107742
1875.06.26_HampshireTelegraphandSussexChronicleetc_0004	12151	1875.06.26_HampshireTelegraphandSussexChronicleetc	107742
1875.06.26_HampshireTelegraphandSussexChronicleetc_0005	19827	1875.06.26_HampshireTelegraphandSussexChronicleetc	107742
1875.06.26_HampshireTelegraphandSussexChronicleetc_0006	10994	1875.06.26_HampshireTelegraphandSussexChronicleetc	107742
1875.06.26_HampshireTelegraphandSussexChronicleetc_0007	11082	1875.06.26_HampshireTelegraphandSussexChronicleetc	107742
1875.06.26_HampshireTelegraphandSussexChronicleetc_0008	17268	1875.06.26_HampshireTelegraphandSussexChronicleetc	107742
1875.06.26_Jackson'sOxfordJournal_0001	4088	1875.06.26_Jackson'sOxfordJournal	75080
1875.06.26_Jackson'sOxfordJournal_0002	6167	1875.06.26_Jackson'sOxfordJournal	75080
1875.06.26_Jackson'sOxfordJournal_0003	8646	1875.06.26_Jackson'sOxfordJournal	75080
1875.06.26_Jackson'sOxfordJournal_0004	9157	1875.06.26_Jackson'sOxfordJournal	75080
1875.06.26_Jackson'sOxfordJournal_0005	10849	1875.06.26_Jackson'sOxfordJournal	75080
1875.06.26_Jackson'sOxfordJournal_0006	12411	1875.06.26_Jackson'sOxfordJournal	75080
1875.06.26_Jackson'sOxfordJournal_0007	11827	1875.06.26_Jackson'sOxfordJournal	75080
1875.06.26_Jackson'sOxfordJournal_0008	11935	1875.06.26_Jackson'sOxfordJournal	75080
1875.06.26_LiverpoolMercuryetc_0001	10498	1875.06.26_LiverpoolMercuryetc	103139
1875.06.26_LiverpoolMercuryetc_0002	13558	1875.06.26_LiverpoolMercuryetc	103139
1875.06.26_LiverpoolMercuryetc_0003	14325	1875.06.26_LiverpoolMercuryetc	103139
1875.06.26_LiverpoolMercuryetc_0004	12973	1875.06.26_LiverpoolMercuryetc	103139
1875.06.26_LiverpoolMercuryetc_0005	10574	1875.06.26_LiverpoolMercuryetc	103139
1875.06.26_LiverpoolMercuryetc_0006	13454	1875.06.26_LiverpoolMercuryetc	103139
1875.06.26_LiverpoolMercuryetc_0007	13665	1875.06.26_LiverpoolMercuryetc	103139
1875.06.26_LiverpoolMercuryetc_0008	14092	1875.06.26_LiverpoolMercuryetc	103139
1875.06.26_ManchesterTimes_0001	5909	1875.06.26_ManchesterTimes	83534
1875.06.26_ManchesterTimes_0002	11642	1875.06.26_ManchesterTimes	83534
1875.06.26_ManchesterTimes_0003	11748	1875.06.26_ManchesterTimes	83534
1875.06.26_ManchesterTimes_0004	9281	1875.06.26_ManchesterTimes	83534
1875.06.26_ManchesterTimes_0005	11899	1875.06.26_ManchesterTimes	83534
1875.06.26_ManchesterTimes_0006	11775	1875.06.26_ManchesterTimes	83534
1875.06.26_ManchesterTimes_0007	11002	1875.06.26_ManchesterTimes	83534
1875.06.26_ManchesterTimes_0008	10278	1875.06.26_ManchesterTimes	83534
1875.06.26_NorthernEcho_0001	6535	1875.06.26_NorthernEcho	31634
1875.06.26_NorthernEcho_0002	7058	1875.06.26_NorthernEcho	31634
1875.06.26_NorthernEcho_0003	9063	1875.06.26_NorthernEcho	31634
1875.06.26_NorthernEcho_0004	8978	1875.06.26_NorthernEcho	31634
1875.06.26_NorthWalesChronicle_0001	6748	1875.06.26_NorthWalesChronicle	82532
1875.06.26_NorthWalesChronicle_0002	8676	1875.06.26_NorthWalesChronicle	82532
1875.06.26_NorthWalesChronicle_0003	12842	1875.06.26_NorthWalesChronicle	82532
1875.06.26_NorthWalesChronicle_0004	8469	1875.06.26_NorthWalesChronicle	82532
1875.06.26_NorthWalesChronicle_0005	12851	1875.06.26_NorthWalesChronicle	82532
1875.06.26_NorthWalesChronicle_0006	12049	1875.06.26_NorthWalesChronicle	82532
1875.06.26_NorthWalesChronicle_0007	13087	1875.06.26_NorthWalesChronicle	82532
1875.06.26_NorthWalesChronicle_0008	7810	1875.06.26_NorthWalesChronicle	82532
1875.06.26_TheBristolMercury_0001	13792	1875.06.26_TheBristolMercury	118469
1875.06.26_TheBristolMercury_0002	11760	1875.06.26_TheBristolMercury	118469
1875.06.26_TheBristolMercury_0003	18060	1875.06.26_TheBristolMercury	118469
1875.06.26_TheBristolMercury_0004	13890	1875.06.26_TheBristolMercury	118469
1875.06.26_TheBristolMercury_0005	13315	1875.06.26_TheBristolMercury	118469
1875.06.26_TheBristolMercury_0006	17646	1875.06.26_TheBristolMercury	118469
1875.06.26_TheBristolMercury_0007	12599	1875.06.26_TheBristolMercury	118469
1875.06.26_TheBristolMercury_0008	17407	1875.06.26_TheBristolMercury	118469
1875.06.26_TheExaminer_0001	1225	1875.06.26_TheExaminer	42267
1875.06.26_TheExaminer_0002	1402	1875.06.26_TheExaminer	42267
1875.06.26_TheExaminer_0003	1409	1875.06.26_TheExaminer	42267
1875.06.26_TheExaminer_0004	1519	1875.06.26_TheExaminer	42267
1875.06.26_TheExaminer_0005	1467	1875.06.26_TheExaminer	42267
1875.06.26_TheExaminer_0006	1448	1875.06.26_TheExaminer	42267
1875.06.26_TheExaminer_0007	1454	1875.06.26_TheExaminer	42267
1875.06.26_TheExaminer_0008	1506	1875.06.26_TheExaminer	42267
1875.06.26_TheExaminer_0009	1825	1875.06.26_TheExaminer	42267
1875.06.26_TheExaminer_0010	1876	1875.06.26_TheExaminer	42267
1875.06.26_TheExaminer_0011	1833	1875.06.26_TheExaminer	42267
1875.06.26_TheExaminer_0012	1724	1875.06.26_TheExaminer	42267
1875.06.26_TheExaminer_0013	1528	1875.06.26_TheExaminer	42267
1875.06.26_TheExaminer_0014	1435	1875.06.26_TheExaminer	42267
1875.06.26_TheExaminer_0015	1427	1875.06.26_TheExaminer	42267
1875.06.26_TheExaminer_0016	1450	1875.06.26_TheExaminer	42267
1875.06.26_TheExaminer_0017	1461	1875.06.26_TheExaminer	42267
1875.06.26_TheExaminer_0018	1461	1875.06.26_TheExaminer	42267
1875.06.26_TheExaminer_0019	1547	1875.06.26_TheExaminer	42267
1875.06.26_TheExaminer_0020	1656	1875.06.26_TheExaminer	42267
1875.06.26_TheExaminer_0021	1858	1875.06.26_TheExaminer	42267
1875.06.26_TheExaminer_0022	1523	1875.06.26_TheExaminer	42267
1875.06.26_TheExaminer_0023	1622	1875.06.26_TheExaminer	42267
1875.06.26_TheExaminer_0024	1731	1875.06.26_TheExaminer	42267
1875.06.26_TheExaminer_0025	801	1875.06.26_TheExaminer	42267
1875.06.26_TheExaminer_0026	1075	1875.06.26_TheExaminer	42267
1875.06.26_TheExaminer_0027	1384	1875.06.26_TheExaminer	42267
1875.06.26_TheExaminer_0028	1620	1875.06.26_TheExaminer	42267
1875.06.26_TheGraphic_0001	20	1875.06.26_TheGraphic	45968
1875.06.26_TheGraphic_0002	2567	1875.06.26_TheGraphic	45968
1875.06.26_TheGraphic_0003	3268	1875.06.26_TheGraphic	45968
1875.06.26_TheGraphic_0004	31	1875.06.26_TheGraphic	45968
1875.06.26_TheGraphic_0005	23	1875.06.26_TheGraphic	45968
1875.06.26_TheGraphic_0006	3478	1875.06.26_TheGraphic	45968
1875.06.26_TheGraphic_0007	3667	1875.06.26_TheGraphic	45968
1875.06.26_TheGraphic_0008	14	1875.06.26_TheGraphic	45968
1875.06.26_TheGraphic_0009	3432	1875.06.26_TheGraphic	45968
1875.06.26_TheGraphic_0010	3454	1875.06.26_TheGraphic	45968
1875.06.26_TheGraphic_0011	50	1875.06.26_TheGraphic	45968
1875.06.26_TheGraphic_0012	475	1875.06.26_TheGraphic	45968
1875.06.26_TheGraphic_0013	3952	1875.06.26_TheGraphic	45968
1875.06.26_TheGraphic_0014	3549	1875.06.26_TheGraphic	45968
1875.06.26_TheGraphic_0015	17	1875.06.26_TheGraphic	45968
1875.06.26_TheGraphic_0016	37	1875.06.26_TheGraphic	45968
1875.06.26_TheGraphic_0017	3670	1875.06.26_TheGraphic	45968
1875.06.26_TheGraphic_0018	3606	1875.06.26_TheGraphic	45968
1875.06.26_TheGraphic_0019	53	1875.06.26_TheGraphic	45968
1875.06.26_TheGraphic_0020	45	1875.06.26_TheGraphic	45968
1875.06.26_TheGraphic_0021	3271	1875.06.26_TheGraphic	45968
1875.06.26_TheGraphic_0022	3775	1875.06.26_TheGraphic	45968
1875.06.26_TheGraphic_0023	3514	1875.06.26_TheGraphic	45968
1875.06.26_TheIpswichJournal_0001	2267	1875.06.26_TheIpswichJournal	105697
1875.06.26_TheIpswichJournal_0002	5895	1875.06.26_TheIpswichJournal	105697
1875.06.26_TheIpswichJournal_0003	8273	1875.06.26_TheIpswichJournal	105697
1875.06.26_TheIpswichJournal_0004	7984	1875.06.26_TheIpswichJournal	105697
1875.06.26_TheIpswichJournal_0005	7328	1875.06.26_TheIpswichJournal	105697
1875.06.26_TheIpswichJournal_0006	3187	1875.06.26_TheIpswichJournal	105697
1875.06.26_TheIpswichJournal_0007	11586	1875.06.26_TheIpswichJournal	105697
1875.06.26_TheIpswichJournal_0008	11181	1875.06.26_TheIpswichJournal	105697
1875.06.26_TheIpswichJournal_0009	12122	1875.06.26_TheIpswichJournal	105697
1875.06.26_TheIpswichJournal_0010	11633	1875.06.26_TheIpswichJournal	105697
1875.06.26_TheIpswichJournal_0011	12078	1875.06.26_TheIpswichJournal	105697
1875.06.26_TheIpswichJournal_0012	12163	1875.06.26_TheIpswichJournal	105697
1875.06.26_ThePallMallGazette_0001	1592	1875.06.26_ThePallMallGazette	41137
1875.06.26_ThePallMallGazette_0002	2074	1875.06.26_ThePallMallGazette	41137
1875.06.26_ThePallMallGazette_0003	2114	1875.06.26_ThePallMallGazette	41137
1875.06.26_ThePallMallGazette_0004	2164	1875.06.26_ThePallMallGazette	41137
1875.06.26_ThePallMallGazette_0005	2628	1875.06.26_ThePallMallGazette	41137
1875.06.26_ThePallMallGazette_0006	2481	1875.06.26_ThePallMallGazette	41137
1875.06.26_ThePallMallGazette_0007	2628	1875.06.26_ThePallMallGazette	41137
1875.06.26_ThePallMallGazette_0008	2099	1875.06.26_ThePallMallGazette	41137
1875.06.26_ThePallMallGazette_0009	2946	1875.06.26_ThePallMallGazette	41137
1875.06.26_ThePallMallGazette_0010	2303	1875.06.26_ThePallMallGazette	41137
1875.06.26_ThePallMallGazette_0011	2206	1875.06.26_ThePallMallGazette	41137
1875.06.26_ThePallMallGazette_0012	3060	1875.06.26_ThePallMallGazette	41137
1875.06.26_ThePallMallGazette_0013	3932	1875.06.26_ThePallMallGazette	41137
1875.06.26_ThePallMallGazette_0014	3713	1875.06.26_ThePallMallGazette	41137
1875.06.26_ThePallMallGazette_0015	2946	1875.06.26_ThePallMallGazette	41137
1875.06.26_ThePallMallGazette_0016	2251	1875.06.26_ThePallMallGazette	41137
1875.06.26_Times_0001	12820	1875.06.26_Times	255025
1875.06.26_Times_0002	13263	1875.06.26_Times	255025
1875.06.26_Times_0003	12631	1875.06.26_Times	255025
1875.06.26_Times_0004	15079	1875.06.26_Times	255025
1875.06.26_Times_0005	13429	1875.06.26_Times	255025
1875.06.26_Times_0006	5174	1875.06.26_Times	255025
1875.06.26_Times_0007	8802	1875.06.26_Times	255025
1875.06.26_Times_0008	20198	1875.06.26_Times	255025
1875.06.26_Times_0009	4600	1875.06.26_Times	255025
1875.06.26_Times_0010	12529	1875.06.26_Times	255025
1875.06.26_Times_0011	7681	1875.06.26_Times	255025
1875.06.26_Times_0012	11637	1875.06.26_Times	255025
1875.06.26_Times_0013	9789	1875.06.26_Times	255025
1875.06.26_Times_0014	10614	1875.06.26_Times	255025
1875.06.26_Times_0015	13883	1875.06.26_Times	255025
1875.06.26_Times_0016	16655	1875.06.26_Times	255025
1875.06.26_Times_0017	16661	1875.06.26_Times	255025
1875.06.26_Times_0018	16290	1875.06.26_Times	255025
1875.06.26_Times_0019	16419	1875.06.26_Times	255025
1875.06.26_Times_0020	16871	1875.06.26_Times	255025
1875.06.26_WesternMail_0001	10965	1875.06.26_WesternMail	87336
1875.06.26_WesternMail_0002	9943	1875.06.26_WesternMail	87336
1875.06.26_WesternMail_0003	9469	1875.06.26_WesternMail	87336
1875.06.26_WesternMail_0004	9046	1875.06.26_WesternMail	87336
1875.06.26_WesternMail_0005	11739	1875.06.26_WesternMail	87336
1875.06.26_WesternMail_0006	13017	1875.06.26_WesternMail	87336
1875.06.26_WesternMail_0007	11329	1875.06.26_WesternMail	87336
1875.06.26_WesternMail_0008	11828	1875.06.26_WesternMail	87336
1875.06.26_YGoleuad_0001	1382	1875.06.26_YGoleuad	44840
1875.06.26_YGoleuad_0002	2407	1875.06.26_YGoleuad	44840
1875.06.26_YGoleuad_0003	2253	1875.06.26_YGoleuad	44840
1875.06.26_YGoleuad_0004	3241	1875.06.26_YGoleuad	44840
1875.06.26_YGoleuad_0005	2672	1875.06.26_YGoleuad	44840
1875.06.26_YGoleuad_0006	4035	1875.06.26_YGoleuad	44840
1875.06.26_YGoleuad_0007	3422	1875.06.26_YGoleuad	44840
1875.06.26_YGoleuad_0008	2204	1875.06.26_YGoleuad	44840
1875.06.26_YGoleuad_0009	2277	1875.06.26_YGoleuad	44840
1875.06.26_YGoleuad_0010	2994	1875.06.26_YGoleuad	44840
1875.06.26_YGoleuad_0011	3202	1875.06.26_YGoleuad	44840
1875.06.26_YGoleuad_0012	3455	1875.06.26_YGoleuad	44840
1875.06.26_YGoleuad_0013	3114	1875.06.26_YGoleuad	44840
1875.06.26_YGoleuad_0014	3154	1875.06.26_YGoleuad	44840
1875.06.26_YGoleuad_0015	3430	1875.06.26_YGoleuad	44840
1875.06.26_YGoleuad_0016	1598	1875.06.26_YGoleuad	44840
1875.06.27_Lloyd'sWeeklyNewspaper_0001	5655	1875.06.27_Lloyd'sWeeklyNewspaper	80982
1875.06.27_Lloyd'sWeeklyNewspaper_0002	8011	1875.06.27_Lloyd'sWeeklyNewspaper	80982
1875.06.27_Lloyd'sWeeklyNewspaper_0003	7907	1875.06.27_Lloyd'sWeeklyNewspaper	80982
1875.06.27_Lloyd'sWeeklyNewspaper_0004	7648	1875.06.27_Lloyd'sWeeklyNewspaper	80982
1875.06.27_Lloyd'sWeeklyNewspaper_0005	7713	1875.06.27_Lloyd'sWeeklyNewspaper	80982
1875.06.27_Lloyd'sWeeklyNewspaper_0006	4451	1875.06.27_Lloyd'sWeeklyNewspaper	80982
1875.06.27_Lloyd'sWeeklyNewspaper_0007	7479	1875.06.27_Lloyd'sWeeklyNewspaper	80982
1875.06.27_Lloyd'sWeeklyNewspaper_0008	7132	1875.06.27_Lloyd'sWeeklyNewspaper	80982
1875.06.27_Lloyd'sWeeklyNewspaper_0009	4785	1875.06.27_Lloyd'sWeeklyNewspaper	80982
1875.06.27_Lloyd'sWeeklyNewspaper_0010	4394	1875.06.27_Lloyd'sWeeklyNewspaper	80982
1875.06.27_Lloyd'sWeeklyNewspaper_0011	8202	1875.06.27_Lloyd'sWeeklyNewspaper	80982
1875.06.27_Lloyd'sWeeklyNewspaper_0012	7605	1875.06.27_Lloyd'sWeeklyNewspaper	80982
1875.06.27_Reynolds'sNewspaper_0001	9585	1875.06.27_Reynolds'sNewspaper	81599
1875.06.27_Reynolds'sNewspaper_0002	10624	1875.06.27_Reynolds'sNewspaper	81599
1875.06.27_Reynolds'sNewspaper_0003	10399	1875.06.27_Reynolds'sNewspaper	81599
1875.06.27_Reynolds'sNewspaper_0004	10840	1875.06.27_Reynolds'sNewspaper	81599
1875.06.27_Reynolds'sNewspaper_0005	10644	1875.06.27_Reynolds'sNewspaper	81599
1875.06.27_Reynolds'sNewspaper_0006	10950	1875.06.27_Reynolds'sNewspaper	81599
1875.06.27_Reynolds'sNewspaper_0007	8164	1875.06.27_Reynolds'sNewspaper	81599
1875.06.27_Reynolds'sNewspaper_0008	10393	1875.06.27_Reynolds'sNewspaper	81599
1875.06.27_TheEra_0001	3463	1875.06.27_TheEra	93707
1875.06.27_TheEra_0002	5692	1875.06.27_TheEra	93707
1875.06.27_TheEra_0003	7269	1875.06.27_TheEra	93707
1875.06.27_TheEra_0004	6589	1875.06.27_TheEra	93707
1875.06.27_TheEra_0005	6607	1875.06.27_TheEra	93707
1875.06.27_TheEra_0006	7339	1875.06.27_TheEra	93707
1875.06.27_TheEra_0007	7285	1875.06.27_TheEra	93707
1875.06.27_TheEra_0008	6015	1875.06.27_TheEra	93707
1875.06.27_TheEra_0009	5738	1875.06.27_TheEra	93707
1875.06.27_TheEra_0010	6415	1875.06.27_TheEra	93707
1875.06.27_TheEra_0011	6588	1875.06.27_TheEra	93707
1875.06.27_TheEra_0012	4496	1875.06.27_TheEra	93707
1875.06.27_TheEra_0013	5193	1875.06.27_TheEra	93707
1875.06.27_TheEra_0014	5317	1875.06.27_TheEra	93707
1875.06.27_TheEra_0015	4974	1875.06.27_TheEra	93707
1875.06.27_TheEra_0016	4727	1875.06.27_TheEra	93707
1875.06.28_BirminghamDailyPost_0001	13316	1875.06.28_BirminghamDailyPost	88034
1875.06.28_BirminghamDailyPost_0002	10268	1875.06.28_BirminghamDailyPost	88034
1875.06.28_BirminghamDailyPost_0003	10965	1875.06.28_BirminghamDailyPost	88034
1875.06.28_BirminghamDailyPost_0004	10098	1875.06.28_BirminghamDailyPost	88034
1875.06.28_BirminghamDailyPost_0005	10084	1875.06.28_BirminghamDailyPost	88034
1875.06.28_BirminghamDailyPost_0006	12123	1875.06.28_BirminghamDailyPost	88034
1875.06.28_BirminghamDailyPost_0007	10912	1875.06.28_BirminghamDailyPost	88034
1875.06.28_BirminghamDailyPost_0008	10268	1875.06.28_BirminghamDailyPost	88034
1875.06.28_DailyNews_0001	10218	1875.06.28_DailyNews	96339
1875.06.28_DailyNews_0002	13573	1875.06.28_DailyNews	96339
1875.06.28_DailyNews_0003	14470	1875.06.28_DailyNews	96339
1875.06.28_DailyNews_0004	9604	1875.06.28_DailyNews	96339
1875.06.28_DailyNews_0005	10247	1875.06.28_DailyNews	96339
1875.06.28_DailyNews_0006	13650	1875.06.28_DailyNews	96339
1875.06.28_DailyNews_0007	8594	1875.06.28_DailyNews	96339
1875.06.28_DailyNews_0008	15983	1875.06.28_DailyNews	96339
1875.06.28_Freeman'sJournalandDailyCommercialAdvertiser_0001	7592	1875.06.28_Freeman'sJournalandDailyCommercialAdvertiser	67967
1875.06.28_Freeman'sJournalandDailyCommercialAdvertiser_0002	8401	1875.06.28_Freeman'sJournalandDailyCommercialAdvertiser	67967
1875.06.28_Freeman'sJournalandDailyCommercialAdvertiser_0003	9777	1875.06.28_Freeman'sJournalandDailyCommercialAdvertiser	67967
1875.06.28_Freeman'sJournalandDailyCommercialAdvertiser_0004	5933	1875.06.28_Freeman'sJournalandDailyCommercialAdvertiser	67967
1875.06.28_Freeman'sJournalandDailyCommercialAdvertiser_0005	7413	1875.06.28_Freeman'sJournalandDailyCommercialAdvertiser	67967
1875.06.28_Freeman'sJournalandDailyCommercialAdvertiser_0006	9328	1875.06.28_Freeman'sJournalandDailyCommercialAdvertiser	67967
1875.06.28_Freeman'sJournalandDailyCommercialAdvertiser_0007	10524	1875.06.28_Freeman'sJournalandDailyCommercialAdvertiser	67967
1875.06.28_Freeman'sJournalandDailyCommercialAdvertiser_0008	8999	1875.06.28_Freeman'sJournalandDailyCommercialAdvertiser	67967
1875.06.28_GlasgowHerald_0001	3412	1875.06.28_GlasgowHerald	75793
1875.06.28_GlasgowHerald_0002	9452	1875.06.28_GlasgowHerald	75793
1875.06.28_GlasgowHerald_0003	5679	1875.06.28_GlasgowHerald	75793
1875.06.28_GlasgowHerald_0004	10825	1875.06.28_GlasgowHerald	75793
1875.06.28_GlasgowHerald_0005	14034	1875.06.28_GlasgowHerald	75793
1875.06.28_GlasgowHerald_0006	12036	1875.06.28_GlasgowHerald	75793
1875.06.28_GlasgowHerald_0007	11241	1875.06.28_GlasgowHerald	75793
1875.06.28_GlasgowHerald_0008	9114	1875.06.28_GlasgowHerald	75793
1875.06.28_LiverpoolMercuryetc_0001	11296	1875.06.28_LiverpoolMercuryetc	101782
1875.06.28_LiverpoolMercuryetc_0002	13017	1875.06.28_LiverpoolMercuryetc	101782
1875.06.28_LiverpoolMercuryetc_0003	12844	1875.06.28_LiverpoolMercuryetc	101782
1875.06.28_LiverpoolMercuryetc_0004	12938	1875.06.28_LiverpoolMercuryetc	101782
1875.06.28_LiverpoolMercuryetc_0005	14010	1875.06.28_LiverpoolMercuryetc	101782
1875.06.28_LiverpoolMercuryetc_0006	12238	1875.06.28_LiverpoolMercuryetc	101782
1875.06.28_LiverpoolMercuryetc_0007	13625	1875.06.28_LiverpoolMercuryetc	101782
1875.06.28_LiverpoolMercuryetc_0008	11814	1875.06.28_LiverpoolMercuryetc	101782
1875.06.28_NorthernEcho_0001	6160	1875.06.28_NorthernEcho	31211
1875.06.28_NorthernEcho_0002	7338	1875.06.28_NorthernEcho	31211
1875.06.28_NorthernEcho_0003	8620	1875.06.28_NorthernEcho	31211
1875.06.28_NorthernEcho_0004	9093	1875.06.28_NorthernEcho	31211
1875.06.28_ThePallMallGazette_0001	1533	1875.06.28_ThePallMallGazette	41623
1875.06.28_ThePallMallGazette_0002	2141	1875.06.28_ThePallMallGazette	41623
1875.06.28_ThePallMallGazette_0003	2204	1875.06.28_ThePallMallGazette	41623
1875.06.28_ThePallMallGazette_0004	2141	1875.06.28_ThePallMallGazette	41623
1875.06.28_ThePallMallGazette_0005	2637	1875.06.28_ThePallMallGazette	41623
1875.06.28_ThePallMallGazette_0006	2488	1875.06.28_ThePallMallGazette	41623
1875.06.28_ThePallMallGazette_0007	2868	1875.06.28_ThePallMallGazette	41623
1875.06.28_ThePallMallGazette_0008	2171	1875.06.28_ThePallMallGazette	41623
1875.06.28_ThePallMallGazette_0009	3015	1875.06.28_ThePallMallGazette	41623
1875.06.28_ThePallMallGazette_0010	2174	1875.06.28_ThePallMallGazette	41623
1875.06.28_ThePallMallGazette_0011	2105	1875.06.28_ThePallMallGazette	41623
1875.06.28_ThePallMallGazette_0012	2858	1875.06.28_ThePallMallGazette	41623
1875.06.28_ThePallMallGazette_0013	3967	1875.06.28_ThePallMallGazette	41623
1875.06.28_ThePallMallGazette_0014	3129	1875.06.28_ThePallMallGazette	41623
1875.06.28_ThePallMallGazette_0015	2886	1875.06.28_ThePallMallGazette	41623
1875.06.28_ThePallMallGazette_0016	3306	1875.06.28_ThePallMallGazette	41623
1875.06.28_Times_0001	12230	1875.06.28_Times	244493
1875.06.28_Times_0002	13428	1875.06.28_Times	244493
1875.06.28_Times_0003	12804	1875.06.28_Times	244493
1875.06.28_Times_0004	13473	1875.06.28_Times	244493
1875.06.28_Times_0005	12137	1875.06.28_Times	244493
1875.06.28_Times_0006	6797	1875.06.28_Times	244493
1875.06.28_Times_0007	8860	1875.06.28_Times	244493
1875.06.28_Times_0008	10726	1875.06.28_Times	244493
1875.06.28_Times_0009	11687	1875.06.28_Times	244493
1875.06.28_Times_0010	12270	1875.06.28_Times	244493
1875.06.28_Times_0011	8452	1875.06.28_Times	244493
1875.06.28_Times_0012	10524	1875.06.28_Times	244493
1875.06.28_Times_0013	11680	1875.06.28_Times	244493
1875.06.28_Times_0014	10342	1875.06.28_Times	244493
1875.06.28_Times_0015	14808	1875.06.28_Times	244493
1875.06.28_Times_0016	14141	1875.06.28_Times	244493
1875.06.28_Times_0017	14954	1875.06.28_Times	244493
1875.06.28_Times_0018	13924	1875.06.28_Times	244493
1875.06.28_Times_0019	15801	1875.06.28_Times	244493
1875.06.28_Times_0020	15455	1875.06.28_Times	244493
1875.06.28_WesternMail_0001	10912	1875.06.28_WesternMail	84055
1875.06.28_WesternMail_0002	8875	1875.06.28_WesternMail	84055
1875.06.28_WesternMail_0003	8367	1875.06.28_WesternMail	84055
1875.06.28_WesternMail_0004	7341	1875.06.28_WesternMail	84055
1875.06.28_WesternMail_0005	12442	1875.06.28_WesternMail	84055
1875.06.28_WesternMail_0006	13336	1875.06.28_WesternMail	84055
1875.06.28_WesternMail_0007	11630	1875.06.28_WesternMail	84055
1875.06.28_WesternMail_0008	11152	1875.06.28_WesternMail	84055
1875.06.29_BirminghamDailyPost_0001	9298	1875.06.29_BirminghamDailyPost	84606
1875.06.29_BirminghamDailyPost_0002	11352	1875.06.29_BirminghamDailyPost	84606
1875.06.29_BirminghamDailyPost_0003	10407	1875.06.29_BirminghamDailyPost	84606
1875.06.29_BirminghamDailyPost_0004	8740	1875.06.29_BirminghamDailyPost	84606
1875.06.29_BirminghamDailyPost_0005	11026	1875.06.29_BirminghamDailyPost	84606
1875.06.29_BirminghamDailyPost_0006	11764	1875.06.29_BirminghamDailyPost	84606
1875.06.29_BirminghamDailyPost_0007	10793	1875.06.29_BirminghamDailyPost	84606
1875.06.29_BirminghamDailyPost_0008	11226	1875.06.29_BirminghamDailyPost	84606
1875.06.29_DailyNews_0001	12113	1875.06.29_DailyNews	93709
1875.06.29_DailyNews_0002	14442	1875.06.29_DailyNews	93709
1875.06.29_DailyNews_0003	14585	1875.06.29_DailyNews	93709
1875.06.29_DailyNews_0004	9462	1875.06.29_DailyNews	93709
1875.06.29_DailyNews_0005	10409	1875.06.29_DailyNews	93709
1875.06.29_DailyNews_0006	12613	1875.06.29_DailyNews	93709
1875.06.29_DailyNews_0007	9075	1875.06.29_DailyNews	93709
1875.06.29_DailyNews_0008	11010	1875.06.29_DailyNews	93709
1875.06.29_Freeman'sJournalandDailyCommercialAdvertiser_0001	7952	1875.06.29_Freeman'sJournalandDailyCommercialAdvertiser	70198
1875.06.29_Freeman'sJournalandDailyCommercialAdvertiser_0002	11206	1875.06.29_Freeman'sJournalandDailyCommercialAdvertiser	70198
1875.06.29_Freeman'sJournalandDailyCommercialAdvertiser_0003	9426	1875.06.29_Freeman'sJournalandDailyCommercialAdvertiser	70198
1875.06.29_Freeman'sJournalandDailyCommercialAdvertiser_0004	6384	1875.06.29_Freeman'sJournalandDailyCommercialAdvertiser	70198
1875.06.29_Freeman'sJournalandDailyCommercialAdvertiser_0005	8176	1875.06.29_Freeman'sJournalandDailyCommercialAdvertiser	70198
1875.06.29_Freeman'sJournalandDailyCommercialAdvertiser_0006	9218	1875.06.29_Freeman'sJournalandDailyCommercialAdvertiser	70198
1875.06.29_Freeman'sJournalandDailyCommercialAdvertiser_0007	9618	1875.06.29_Freeman'sJournalandDailyCommercialAdvertiser	70198
1875.06.29_Freeman'sJournalandDailyCommercialAdvertiser_0008	8218	1875.06.29_Freeman'sJournalandDailyCommercialAdvertiser	70198
1875.06.29_GlasgowHerald_0001	7135	1875.06.29_GlasgowHerald	75980
1875.06.29_GlasgowHerald_0002	8042	1875.06.29_GlasgowHerald	75980
1875.06.29_GlasgowHerald_0003	11341	1875.06.29_GlasgowHerald	75980
1875.06.29_GlasgowHerald_0004	9778	1875.06.29_GlasgowHerald	75980
1875.06.29_GlasgowHerald_0005	11560	1875.06.29_GlasgowHerald	75980
1875.06.29_GlasgowHerald_0006	10131	1875.06.29_GlasgowHerald	75980
1875.06.29_GlasgowHerald_0007	11655	1875.06.29_GlasgowHerald	75980
1875.06.29_GlasgowHerald_0008	6338	1875.06.29_GlasgowHerald	75980
1875.06.29_LiverpoolMercuryetc_0001	11108	1875.06.29_LiverpoolMercuryetc	105708
1875.06.29_LiverpoolMercuryetc_0002	13387	1875.06.29_LiverpoolMercuryetc	105708
1875.06.29_LiverpoolMercuryetc_0003	12609	1875.06.29_LiverpoolMercuryetc	105708
1875.06.29_LiverpoolMercuryetc_0004	15021	1875.06.29_LiverpoolMercuryetc	105708
1875.06.29_LiverpoolMercuryetc_0005	12791	1875.06.29_LiverpoolMercuryetc	105708
1875.06.29_LiverpoolMercuryetc_0006	13822	1875.06.29_LiverpoolMercuryetc	105708
1875.06.29_LiverpoolMercuryetc_0007	13722	1875.06.29_LiverpoolMercuryetc	105708
1875.06.29_LiverpoolMercuryetc_0008	13248	1875.06.29_LiverpoolMercuryetc	105708
1875.06.29_NorthernEcho_0001	6689	1875.06.29_NorthernEcho	31933
1875.06.29_NorthernEcho_0002	7649	1875.06.29_NorthernEcho	31933
1875.06.29_NorthernEcho_0003	8274	1875.06.29_NorthernEcho	31933
1875.06.29_NorthernEcho_0004	9321	1875.06.29_NorthernEcho	31933
1875.06.29_TheIpswichJournal_0001	7863	1875.06.29_TheIpswichJournal	41639
1875.06.29_TheIpswichJournal_0002	9661	1875.06.29_TheIpswichJournal	41639
1875.06.29_TheIpswichJournal_0003	12014	1875.06.29_TheIpswichJournal	41639
1875.06.29_TheIpswichJournal_0004	12101	1875.06.29_TheIpswichJournal	41639
1875.06.29_ThePallMallGazette_0001	1624	1875.06.29_ThePallMallGazette	38567
1875.06.29_ThePallMallGazette_0002	2050	1875.06.29_ThePallMallGazette	38567
1875.06.29_ThePallMallGazette_0003	2178	1875.06.29_ThePallMallGazette	38567
1875.06.29_ThePallMallGazette_0004	2107	1875.06.29_ThePallMallGazette	38567
1875.06.29_ThePallMallGazette_0005	2733	1875.06.29_ThePallMallGazette	38567
1875.06.29_ThePallMallGazette_0006	2414	1875.06.29_ThePallMallGazette	38567
1875.06.29_ThePallMallGazette_0007	2397	1875.06.29_ThePallMallGazette	38567
1875.06.29_ThePallMallGazette_0008	2445	1875.06.29_ThePallMallGazette	38567
1875.06.29_ThePallMallGazette_0009	2981	1875.06.29_ThePallMallGazette	38567
1875.06.29_ThePallMallGazette_0010	2261	1875.06.29_ThePallMallGazette	38567
1875.06.29_ThePallMallGazette_0011	2233	1875.06.29_ThePallMallGazette	38567
1875.06.29_ThePallMallGazette_0012	2142	1875.06.29_ThePallMallGazette	38567
1875.06.29_ThePallMallGazette_0013	2687	1875.06.29_ThePallMallGazette	38567
1875.06.29_ThePallMallGazette_0014	3599	1875.06.29_ThePallMallGazette	38567
1875.06.29_ThePallMallGazette_0015	2889	1875.06.29_ThePallMallGazette	38567
1875.06.29_ThePallMallGazette_0016	1827	1875.06.29_ThePallMallGazette	38567
1875.06.29_Times_0001	11681	1875.06.29_Times	183198
1875.06.29_Times_0002	13327	1875.06.29_Times	183198
1875.06.29_Times_0003	12036	1875.06.29_Times	183198
1875.06.29_Times_0004	4694	1875.06.29_Times	183198
1875.06.29_Times_0005	10110	1875.06.29_Times	183198
1875.06.29_Times_0006	20560	1875.06.29_Times	183198
1875.06.29_Times_0007	3283	1875.06.29_Times	183198
1875.06.29_Times_0008	9653	1875.06.29_Times	183198
1875.06.29_Times_0009	8330	1875.06.29_Times	183198
1875.06.29_Times_0010	10102	1875.06.29_Times	183198
1875.06.29_Times_0011	12393	1875.06.29_Times	183198
1875.06.29_Times_0012	10696	1875.06.29_Times	183198
1875.06.29_Times_0013	14771	1875.06.29_Times	183198
1875.06.29_Times_0014	13592	1875.06.29_Times	183198
1875.06.29_Times_0015	11813	1875.06.29_Times	183198
1875.06.29_Times_0016	16157	1875.06.29_Times	183198
1875.06.29_WesternMail_0001	8935	1875.06.29_WesternMail	72499
1875.06.29_WesternMail_0002	8651	1875.06.29_WesternMail	72499
1875.06.29_WesternMail_0003	8306	1875.06.29_WesternMail	72499
1875.06.29_WesternMail_0004	7315	1875.06.29_WesternMail	72499
1875.06.29_WesternMail_0005	10508	1875.06.29_WesternMail	72499
1875.06.29_WesternMail_0006	10705	1875.06.29_WesternMail	72499
1875.06.29_WesternMail_0007	9380	1875.06.29_WesternMail	72499
1875.06.29_WesternMail_0008	8699	1875.06.29_WesternMail	72499
1875.06.30_BaneracAmserauCymru_0001	2972	1875.06.30_BaneracAmserauCymru	71647
1875.06.30_BaneracAmserauCymru_0002	3802	1875.06.30_BaneracAmserauCymru	71647
1875.06.30_BaneracAmserauCymru_0003	3383	1875.06.30_BaneracAmserauCymru	71647
1875.06.30_BaneracAmserauCymru_0004	4996	1875.06.30_BaneracAmserauCymru	71647
1875.06.30_BaneracAmserauCymru_0005	5059	1875.06.30_BaneracAmserauCymru	71647
1875.06.30_BaneracAmserauCymru_0006	5030	1875.06.30_BaneracAmserauCymru	71647
1875.06.30_BaneracAmserauCymru_0007	6116	1875.06.30_BaneracAmserauCymru	71647
1875.06.30_BaneracAmserauCymru_0008	4414	1875.06.30_BaneracAmserauCymru	71647
1875.06.30_BaneracAmserauCymru_0009	4129	1875.06.30_BaneracAmserauCymru	71647
1875.06.30_BaneracAmserauCymru_0010	4891	1875.06.30_BaneracAmserauCymru	71647
1875.06.30_BaneracAmserauCymru_0011	4976	1875.06.30_BaneracAmserauCymru	71647
1875.06.30_BaneracAmserauCymru_0012	4683	1875.06.30_BaneracAmserauCymru	71647
1875.06.30_BaneracAmserauCymru_0013	5565	1875.06.30_BaneracAmserauCymru	71647
1875.06.30_BaneracAmserauCymru_0014	4731	1875.06.30_BaneracAmserauCymru	71647
1875.06.30_BaneracAmserauCymru_0015	4130	1875.06.30_BaneracAmserauCymru	71647
1875.06.30_BaneracAmserauCymru_0016	2770	1875.06.30_BaneracAmserauCymru	71647
1875.06.30_BirminghamDailyPost_0001	9938	1875.06.30_BirminghamDailyPost	88460
1875.06.30_BirminghamDailyPost_0002	9864	1875.06.30_BirminghamDailyPost	88460
1875.06.30_BirminghamDailyPost_0003	10122	1875.06.30_BirminghamDailyPost	88460
1875.06.30_BirminghamDailyPost_0004	9792	1875.06.30_BirminghamDailyPost	88460
1875.06.30_BirminghamDailyPost_0005	12962	1875.06.30_BirminghamDailyPost	88460
1875.06.30_BirminghamDailyPost_0006	12839	1875.06.30_BirminghamDailyPost	88460
1875.06.30_BirminghamDailyPost_0007	11196	1875.06.30_BirminghamDailyPost	88460
1875.06.30_BirminghamDailyPost_0008	11747	1875.06.30_BirminghamDailyPost	88460
1875.06.30_DailyNews_0001	12000	1875.06.30_DailyNews	93655
1875.06.30_DailyNews_0002	12766	1875.06.30_DailyNews	93655
1875.06.30_DailyNews_0003	13292	1875.06.30_DailyNews	93655
1875.06.30_DailyNews_0004	10201	1875.06.30_DailyNews	93655
1875.06.30_DailyNews_0005	11341	1875.06.30_DailyNews	93655
1875.06.30_DailyNews_0006	13930	1875.06.30_DailyNews	93655
1875.06.30_DailyNews_0007	9590	1875.06.30_DailyNews	93655
1875.06.30_DailyNews_0008	10535	1875.06.30_DailyNews	93655
1875.06.30_Freeman'sJournalandDailyCommercialAdvertiser_0001	8405	1875.06.30_Freeman'sJournalandDailyCommercialAdvertiser	74188
1875.06.30_Freeman'sJournalandDailyCommercialAdvertiser_0002	10338	1875.06.30_Freeman'sJournalandDailyCommercialAdvertiser	74188
1875.06.30_Freeman'sJournalandDailyCommercialAdvertiser_0003	11444	1875.06.30_Freeman'sJournalandDailyCommercialAdvertiser	74188
1875.06.30_Freeman'sJournalandDailyCommercialAdvertiser_0004	6853	1875.06.30_Freeman'sJournalandDailyCommercialAdvertiser	74188
1875.06.30_Freeman'sJournalandDailyCommercialAdvertiser_0005	9510	1875.06.30_Freeman'sJournalandDailyCommercialAdvertiser	74188
1875.06.30_Freeman'sJournalandDailyCommercialAdvertiser_0006	7076	1875.06.30_Freeman'sJournalandDailyCommercialAdvertiser	74188
1875.06.30_Freeman'sJournalandDailyCommercialAdvertiser_0007	10679	1875.06.30_Freeman'sJournalandDailyCommercialAdvertiser	74188
1875.06.30_Freeman'sJournalandDailyCommercialAdvertiser_0008	9883	1875.06.30_Freeman'sJournalandDailyCommercialAdvertiser	74188
1875.06.30_GlasgowHerald_0001	8053	1875.06.30_GlasgowHerald	91956
1875.06.30_GlasgowHerald_0002	11622	1875.06.30_GlasgowHerald	91956
1875.06.30_GlasgowHerald_0003	9825	1875.06.30_GlasgowHerald	91956
1875.06.30_GlasgowHerald_0004	11540	1875.06.30_GlasgowHerald	91956
1875.06.30_GlasgowHerald_0005	12955	1875.06.30_GlasgowHerald	91956
1875.06.30_GlasgowHerald_0006	13809	1875.06.30_GlasgowHerald	91956
1875.06.30_GlasgowHerald_0007	13604	1875.06.30_GlasgowHerald	91956
1875.06.30_GlasgowHerald_0008	10548	1875.06.30_GlasgowHerald	91956
1875.06.30_HampshireTelegraphandSussexChronicleetc_0001	9419	1875.06.30_HampshireTelegraphandSussexChronicleetc	60390
1875.06.30_HampshireTelegraphandSussexChronicleetc_0002	15077	1875.06.30_HampshireTelegraphandSussexChronicleetc	60390
1875.06.30_HampshireTelegraphandSussexChronicleetc_0003	19718	1875.06.30_HampshireTelegraphandSussexChronicleetc	60390
1875.06.30_HampshireTelegraphandSussexChronicleetc_0004	16176	1875.06.30_HampshireTelegraphandSussexChronicleetc	60390
1875.06.30_LiverpoolMercuryetc_0001	11004	1875.06.30_LiverpoolMercuryetc	103760
1875.06.30_LiverpoolMercuryetc_0002	12594	1875.06.30_LiverpoolMercuryetc	103760
1875.06.30_LiverpoolMercuryetc_0003	12765	1875.06.30_LiverpoolMercuryetc	103760
1875.06.30_LiverpoolMercuryetc_0004	14987	1875.06.30_LiverpoolMercuryetc	103760
1875.06.30_LiverpoolMercuryetc_0005	12292	1875.06.30_LiverpoolMercuryetc	103760
1875.06.30_LiverpoolMercuryetc_0006	13700	1875.06.30_LiverpoolMercuryetc	103760
1875.06.30_LiverpoolMercuryetc_0007	12357	1875.06.30_LiverpoolMercuryetc	103760
1875.06.30_LiverpoolMercuryetc_0008	14061	1875.06.30_LiverpoolMercuryetc	103760
1875.06.30_NorthernEcho_0001	6131	1875.06.30_NorthernEcho	29460
1875.06.30_NorthernEcho_0002	6636	1875.06.30_NorthernEcho	29460
1875.06.30_NorthernEcho_0003	8137	1875.06.30_NorthernEcho	29460
1875.06.30_NorthernEcho_0004	8556	1875.06.30_NorthernEcho	29460
1875.06.30_TheAberdeenJournal_0001	8930	1875.06.30_TheAberdeenJournal	95324
1875.06.30_TheAberdeenJournal_0002	13872	1875.06.30_TheAberdeenJournal	95324
1875.06.30_TheAberdeenJournal_0003	13802	1875.06.30_TheAberdeenJournal	95324
1875.06.30_TheAberdeenJournal_0004	7881	1875.06.30_TheAberdeenJournal	95324
1875.06.30_TheAberdeenJournal_0005	11737	1875.06.30_TheAberdeenJournal	95324
1875.06.30_TheAberdeenJournal_0006	13654	1875.06.30_TheAberdeenJournal	95324
1875.06.30_TheAberdeenJournal_0007	14121	1875.06.30_TheAberdeenJournal	95324
1875.06.30_TheAberdeenJournal_0008	11327	1875.06.30_TheAberdeenJournal	95324
1875.06.30_TheDerbyMercury_0001	8724	1875.06.30_TheDerbyMercury	90567
1875.06.30_TheDerbyMercury_0002	14112	1875.06.30_TheDerbyMercury	90567
1875.06.30_TheDerbyMercury_0003	15854	1875.06.30_TheDerbyMercury	90567
1875.06.30_TheDerbyMercury_0004	6039	1875.06.30_TheDerbyMercury	90567
1875.06.30_TheDerbyMercury_0005	11459	1875.06.30_TheDerbyMercury	90567
1875.06.30_TheDerbyMercury_0006	13660	1875.06.30_TheDerbyMercury	90567
1875.06.30_TheDerbyMercury_0007	10880	1875.06.30_TheDerbyMercury	90567
1875.06.30_TheDerbyMercury_0008	9839	1875.06.30_TheDerbyMercury	90567
1875.06.30_ThePallMallGazette_0001	1684	1875.06.30_ThePallMallGazette	38868
1875.06.30_ThePallMallGazette_0002	2002	1875.06.30_ThePallMallGazette	38868
1875.06.30_ThePallMallGazette_0003	2496	1875.06.30_ThePallMallGazette	38868
1875.06.30_ThePallMallGazette_0004	2106	1875.06.30_ThePallMallGazette	38868
1875.06.30_ThePallMallGazette_0005	2167	1875.06.30_ThePallMallGazette	38868
1875.06.30_ThePallMallGazette_0006	2432	1875.06.30_ThePallMallGazette	38868
1875.06.30_ThePallMallGazette_0007	2334	1875.06.30_ThePallMallGazette	38868
1875.06.30_ThePallMallGazette_0008	2201	1875.06.30_ThePallMallGazette	38868
1875.06.30_ThePallMallGazette_0009	3021	1875.06.30_ThePallMallGazette	38868
1875.06.30_ThePallMallGazette_0010	2333	1875.06.30_ThePallMallGazette	38868
1875.06.30_ThePallMallGazette_0011	2250	1875.06.30_ThePallMallGazette	38868
1875.06.30_ThePallMallGazette_0012	2417	1875.06.30_ThePallMallGazette	38868
1875.06.30_ThePallMallGazette_0013	3259	1875.06.30_ThePallMallGazette	38868
1875.06.30_ThePallMallGazette_0014	3043	1875.06.30_ThePallMallGazette	38868
1875.06.30_ThePallMallGazette_0015	2972	1875.06.30_ThePallMallGazette	38868
1875.06.30_ThePallMallGazette_0016	2151	1875.06.30_ThePallMallGazette	38868
1875.06.30_Times_0001	12881	1875.06.30_Times	186736
1875.06.30_Times_0002	13138	1875.06.30_Times	186736
1875.06.30_Times_0003	12462	1875.06.30_Times	186736
1875.06.30_Times_0004	13039	1875.06.30_Times	186736
1875.06.30_Times_0005	9522	1875.06.30_Times	186736
1875.06.30_Times_0006	7755	1875.06.30_Times	186736
1875.06.30_Times_0007	12324	1875.06.30_Times	186736
1875.06.30_Times_0008	11532	1875.06.30_Times	186736
1875.06.30_Times_0009	8569	1875.06.30_Times	186736
1875.06.30_Times_0010	9772	1875.06.30_Times	186736
1875.06.30_Times_0011	11265	1875.06.30_Times	186736
1875.06.30_Times_0012	8610	1875.06.30_Times	186736
1875.06.30_Times_0013	12864	1875.06.30_Times	186736
1875.06.30_Times_0014	12707	1875.06.30_Times	186736
1875.06.30_Times_0015	14506	1875.06.30_Times	186736
1875.06.30_Times_0016	15790	1875.06.30_Times	186736
1875.06.30_Trewman'sExeterFlyingPostorPlymouthandCornishAdvertiser_0001	8130	1875.06.30_Trewman'sExeterFlyingPostorPlymouthandCornishAdvertiser	91430
1875.06.30_Trewman'sExeterFlyingPostorPlymouthandCornishAdvertiser_0002	11245	1875.06.30_Trewman'sExeterFlyingPostorPlymouthandCornishAdvertiser	91430
1875.06.30_Trewman'sExeterFlyingPostorPlymouthandCornishAdvertiser_0003	13185	1875.06.30_Trewman'sExeterFlyingPostorPlymouthandCornishAdvertiser	91430
1875.06.30_Trewman'sExeterFlyingPostorPlymouthandCornishAdvertiser_0004	6258	1875.06.30_Trewman'sExeterFlyingPostorPlymouthandCornishAdvertiser	91430
1875.06.30_Trewman'sExeterFlyingPostorPlymouthandCornishAdvertiser_0005	12853	1875.06.30_Trewman'sExeterFlyingPostorPlymouthandCornishAdvertiser	91430
1875.06.30_Trewman'sExeterFlyingPostorPlymouthandCornishAdvertiser_0006	14214	1875.06.30_Trewman'sExeterFlyingPostorPlymouthandCornishAdvertiser	91430
1875.06.30_Trewman'sExeterFlyingPostorPlymouthandCornishAdvertiser_0007	13336	1875.06.30_Trewman'sExeterFlyingPostorPlymouthandCornishAdvertiser	91430
1875.06.30_Trewman'sExeterFlyingPostorPlymouthandCornishAdvertiser_0008	12209	1875.06.30_Trewman'sExeterFlyingPostorPlymouthandCornishAdvertiser	91430
1875.06.30_WesternMail_0001	9532	1875.06.30_WesternMail	82981
1875.06.30_WesternMail_0002	10374	1875.06.30_WesternMail	82981
1875.06.30_WesternMail_0003	9216	1875.06.30_WesternMail	82981
1875.06.30_WesternMail_0004	8946	1875.06.30_WesternMail	82981
1875.06.30_WesternMail_0005	11136	1875.06.30_WesternMail	82981
1875.06.30_WesternMail_0006	12510	1875.06.30_WesternMail	82981
1875.06.30_WesternMail_0007	10881	1875.06.30_WesternMail	82981
1875.06.30_WesternMail_0008	10386	1875.06.30_WesternMail	82981
