1878.07.01_AberdeenWeeklyJournal_0001	8420	1878.07.01_AberdeenWeeklyJournal	56290
1878.07.01_AberdeenWeeklyJournal_0002	15814	1878.07.01_AberdeenWeeklyJournal	56290
1878.07.01_AberdeenWeeklyJournal_0003	16455	1878.07.01_AberdeenWeeklyJournal	56290
1878.07.01_AberdeenWeeklyJournal_0004	15601	1878.07.01_AberdeenWeeklyJournal	56290
1878.07.01_DailyNews_0001	10013	1878.07.01_DailyNews	89234
1878.07.01_DailyNews_0002	14394	1878.07.01_DailyNews	89234
1878.07.01_DailyNews_0003	12159	1878.07.01_DailyNews	89234
1878.07.01_DailyNews_0004	9855	1878.07.01_DailyNews	89234
1878.07.01_DailyNews_0005	9741	1878.07.01_DailyNews	89234
1878.07.01_DailyNews_0006	13144	1878.07.01_DailyNews	89234
1878.07.01_DailyNews_0007	7613	1878.07.01_DailyNews	89234
1878.07.01_DailyNews_0008	12315	1878.07.01_DailyNews	89234
1878.07.01_Freeman'sJournalandDailyCommercialAdvertiser_0001	10818	1878.07.01_Freeman'sJournalandDailyCommercialAdvertiser	90467
1878.07.01_Freeman'sJournalandDailyCommercialAdvertiser_0002	12979	1878.07.01_Freeman'sJournalandDailyCommercialAdvertiser	90467
1878.07.01_Freeman'sJournalandDailyCommercialAdvertiser_0003	12852	1878.07.01_Freeman'sJournalandDailyCommercialAdvertiser	90467
1878.07.01_Freeman'sJournalandDailyCommercialAdvertiser_0004	7045	1878.07.01_Freeman'sJournalandDailyCommercialAdvertiser	90467
1878.07.01_Freeman'sJournalandDailyCommercialAdvertiser_0005	9730	1878.07.01_Freeman'sJournalandDailyCommercialAdvertiser	90467
1878.07.01_Freeman'sJournalandDailyCommercialAdvertiser_0006	11988	1878.07.01_Freeman'sJournalandDailyCommercialAdvertiser	90467
1878.07.01_Freeman'sJournalandDailyCommercialAdvertiser_0007	13064	1878.07.01_Freeman'sJournalandDailyCommercialAdvertiser	90467
1878.07.01_Freeman'sJournalandDailyCommercialAdvertiser_0008	11991	1878.07.01_Freeman'sJournalandDailyCommercialAdvertiser	90467
1878.07.01_GlasgowHerald_0001	12784	1878.07.01_GlasgowHerald	115187
1878.07.01_GlasgowHerald_0002	12081	1878.07.01_GlasgowHerald	115187
1878.07.01_GlasgowHerald_0003	13860	1878.07.01_GlasgowHerald	115187
1878.07.01_GlasgowHerald_0004	13911	1878.07.01_GlasgowHerald	115187
1878.07.01_GlasgowHerald_0005	16187	1878.07.01_GlasgowHerald	115187
1878.07.01_GlasgowHerald_0006	16272	1878.07.01_GlasgowHerald	115187
1878.07.01_GlasgowHerald_0007	14896	1878.07.01_GlasgowHerald	115187
1878.07.01_GlasgowHerald_0008	15196	1878.07.01_GlasgowHerald	115187
1878.07.01_LiverpoolMercuryetc_0001	13058	1878.07.01_LiverpoolMercuryetc	118670
1878.07.01_LiverpoolMercuryetc_0002	16307	1878.07.01_LiverpoolMercuryetc	118670
1878.07.01_LiverpoolMercuryetc_0003	14966	1878.07.01_LiverpoolMercuryetc	118670
1878.07.01_LiverpoolMercuryetc_0004	14669	1878.07.01_LiverpoolMercuryetc	118670
1878.07.01_LiverpoolMercuryetc_0005	14981	1878.07.01_LiverpoolMercuryetc	118670
1878.07.01_LiverpoolMercuryetc_0006	15007	1878.07.01_LiverpoolMercuryetc	118670
1878.07.01_LiverpoolMercuryetc_0007	14264	1878.07.01_LiverpoolMercuryetc	118670
1878.07.01_LiverpoolMercuryetc_0008	15418	1878.07.01_LiverpoolMercuryetc	118670
1878.07.01_NorthernEcho_0001	6684	1878.07.01_NorthernEcho	33406
1878.07.01_NorthernEcho_0002	8068	1878.07.01_NorthernEcho	33406
1878.07.01_NorthernEcho_0003	8671	1878.07.01_NorthernEcho	33406
1878.07.01_NorthernEcho_0004	9983	1878.07.01_NorthernEcho	33406
1878.07.01_TheLeedsMercury_0001	9740	1878.07.01_TheLeedsMercury	45968
1878.07.01_TheLeedsMercury_0002	11743	1878.07.01_TheLeedsMercury	45968
1878.07.01_TheLeedsMercury_0003	12267	1878.07.01_TheLeedsMercury	45968
1878.07.01_TheLeedsMercury_0004	12218	1878.07.01_TheLeedsMercury	45968
1878.07.01_ThePallMallGazette_0001	1565	1878.07.01_ThePallMallGazette	36993
1878.07.01_ThePallMallGazette_0002	1983	1878.07.01_ThePallMallGazette	36993
1878.07.01_ThePallMallGazette_0003	2203	1878.07.01_ThePallMallGazette	36993
1878.07.01_ThePallMallGazette_0004	2094	1878.07.01_ThePallMallGazette	36993
1878.07.01_ThePallMallGazette_0005	2558	1878.07.01_ThePallMallGazette	36993
1878.07.01_ThePallMallGazette_0006	2446	1878.07.01_ThePallMallGazette	36993
1878.07.01_ThePallMallGazette_0007	2517	1878.07.01_ThePallMallGazette	36993
1878.07.01_ThePallMallGazette_0008	2229	1878.07.01_ThePallMallGazette	36993
1878.07.01_ThePallMallGazette_0009	2788	1878.07.01_ThePallMallGazette	36993
1878.07.01_ThePallMallGazette_0010	2197	1878.07.01_ThePallMallGazette	36993
1878.07.01_ThePallMallGazette_0011	2297	1878.07.01_ThePallMallGazette	36993
1878.07.01_ThePallMallGazette_0012	2372	1878.07.01_ThePallMallGazette	36993
1878.07.01_ThePallMallGazette_0013	2395	1878.07.01_ThePallMallGazette	36993
1878.07.01_ThePallMallGazette_0014	4070	1878.07.01_ThePallMallGazette	36993
1878.07.01_ThePallMallGazette_0015	1722	1878.07.01_ThePallMallGazette	36993
1878.07.01_ThePallMallGazette_0016	1557	1878.07.01_ThePallMallGazette	36993
1878.07.01_Times_0001	8828	1878.07.01_Times	163362
1878.07.01_Times_0002	9419	1878.07.01_Times	163362
1878.07.01_Times_0003	8976	1878.07.01_Times	163362
1878.07.01_Times_0004	11292	1878.07.01_Times	163362
1878.07.01_Times_0005	9427	1878.07.01_Times	163362
1878.07.01_Times_0006	10884	1878.07.01_Times	163362
1878.07.01_Times_0007	9867	1878.07.01_Times	163362
1878.07.01_Times_0008	12162	1878.07.01_Times	163362
1878.07.01_Times_0009	8636	1878.07.01_Times	163362
1878.07.01_Times_0010	8667	1878.07.01_Times	163362
1878.07.01_Times_0011	10143	1878.07.01_Times	163362
1878.07.01_Times_0012	10287	1878.07.01_Times	163362
1878.07.01_Times_0013	10702	1878.07.01_Times	163362
1878.07.01_Times_0014	10812	1878.07.01_Times	163362
1878.07.01_Times_0015	11899	1878.07.01_Times	163362
1878.07.01_Times_0016	11361	1878.07.01_Times	163362
1878.07.01_WesternMail_0001	13925	1878.07.01_WesternMail	57088
1878.07.01_WesternMail_0002	12606	1878.07.01_WesternMail	57088
1878.07.01_WesternMail_0003	16742	1878.07.01_WesternMail	57088
1878.07.01_WesternMail_0004	13815	1878.07.01_WesternMail	57088
1878.07.02_AberdeenWeeklyJournal_0001	9432	1878.07.02_AberdeenWeeklyJournal	61437
1878.07.02_AberdeenWeeklyJournal_0002	16322	1878.07.02_AberdeenWeeklyJournal	61437
1878.07.02_AberdeenWeeklyJournal_0003	16857	1878.07.02_AberdeenWeeklyJournal	61437
1878.07.02_AberdeenWeeklyJournal_0004	18826	1878.07.02_AberdeenWeeklyJournal	61437
1878.07.02_DailyNews_0001	11138	1878.07.02_DailyNews	92654
1878.07.02_DailyNews_0002	14299	1878.07.02_DailyNews	92654
1878.07.02_DailyNews_0003	11552	1878.07.02_DailyNews	92654
1878.07.02_DailyNews_0004	11233	1878.07.02_DailyNews	92654
1878.07.02_DailyNews_0005	10234	1878.07.02_DailyNews	92654
1878.07.02_DailyNews_0006	14373	1878.07.02_DailyNews	92654
1878.07.02_DailyNews_0007	8601	1878.07.02_DailyNews	92654
1878.07.02_DailyNews_0008	11224	1878.07.02_DailyNews	92654
1878.07.02_Freeman'sJournalandDailyCommercialAdvertiser_0001	10695	1878.07.02_Freeman'sJournalandDailyCommercialAdvertiser	91476
1878.07.02_Freeman'sJournalandDailyCommercialAdvertiser_0002	14992	1878.07.02_Freeman'sJournalandDailyCommercialAdvertiser	91476
1878.07.02_Freeman'sJournalandDailyCommercialAdvertiser_0003	12704	1878.07.02_Freeman'sJournalandDailyCommercialAdvertiser	91476
1878.07.02_Freeman'sJournalandDailyCommercialAdvertiser_0004	5711	1878.07.02_Freeman'sJournalandDailyCommercialAdvertiser	91476
1878.07.02_Freeman'sJournalandDailyCommercialAdvertiser_0005	10408	1878.07.02_Freeman'sJournalandDailyCommercialAdvertiser	91476
1878.07.02_Freeman'sJournalandDailyCommercialAdvertiser_0006	13167	1878.07.02_Freeman'sJournalandDailyCommercialAdvertiser	91476
1878.07.02_Freeman'sJournalandDailyCommercialAdvertiser_0007	12620	1878.07.02_Freeman'sJournalandDailyCommercialAdvertiser	91476
1878.07.02_Freeman'sJournalandDailyCommercialAdvertiser_0008	11179	1878.07.02_Freeman'sJournalandDailyCommercialAdvertiser	91476
1878.07.02_GlasgowHerald_0001	10376	1878.07.02_GlasgowHerald	92850
1878.07.02_GlasgowHerald_0002	10710	1878.07.02_GlasgowHerald	92850
1878.07.02_GlasgowHerald_0003	13702	1878.07.02_GlasgowHerald	92850
1878.07.02_GlasgowHerald_0004	10413	1878.07.02_GlasgowHerald	92850
1878.07.02_GlasgowHerald_0005	12709	1878.07.02_GlasgowHerald	92850
1878.07.02_GlasgowHerald_0006	11996	1878.07.02_GlasgowHerald	92850
1878.07.02_GlasgowHerald_0007	12645	1878.07.02_GlasgowHerald	92850
1878.07.02_GlasgowHerald_0008	10299	1878.07.02_GlasgowHerald	92850
1878.07.02_LiverpoolMercuryetc_0001	12138	1878.07.02_LiverpoolMercuryetc	117020
1878.07.02_LiverpoolMercuryetc_0002	17314	1878.07.02_LiverpoolMercuryetc	117020
1878.07.02_LiverpoolMercuryetc_0003	15868	1878.07.02_LiverpoolMercuryetc	117020
1878.07.02_LiverpoolMercuryetc_0004	16943	1878.07.02_LiverpoolMercuryetc	117020
1878.07.02_LiverpoolMercuryetc_0005	14765	1878.07.02_LiverpoolMercuryetc	117020
1878.07.02_LiverpoolMercuryetc_0006	14219	1878.07.02_LiverpoolMercuryetc	117020
1878.07.02_LiverpoolMercuryetc_0007	12869	1878.07.02_LiverpoolMercuryetc	117020
1878.07.02_LiverpoolMercuryetc_0008	12904	1878.07.02_LiverpoolMercuryetc	117020
1878.07.02_NorthernEcho_0001	6577	1878.07.02_NorthernEcho	32391
1878.07.02_NorthernEcho_0002	8305	1878.07.02_NorthernEcho	32391
1878.07.02_NorthernEcho_0003	7932	1878.07.02_NorthernEcho	32391
1878.07.02_NorthernEcho_0004	9577	1878.07.02_NorthernEcho	32391
1878.07.02_TheIpswichJournal_0001	5081	1878.07.02_TheIpswichJournal	33974
1878.07.02_TheIpswichJournal_0002	11047	1878.07.02_TheIpswichJournal	33974
1878.07.02_TheIpswichJournal_0003	11691	1878.07.02_TheIpswichJournal	33974
1878.07.02_TheIpswichJournal_0004	6155	1878.07.02_TheIpswichJournal	33974
1878.07.02_TheLeedsMercury_0001	8999	1878.07.02_TheLeedsMercury	87134
1878.07.02_TheLeedsMercury_0002	11893	1878.07.02_TheLeedsMercury	87134
1878.07.02_TheLeedsMercury_0003	10708	1878.07.02_TheLeedsMercury	87134
1878.07.02_TheLeedsMercury_0004	9476	1878.07.02_TheLeedsMercury	87134
1878.07.02_TheLeedsMercury_0005	10564	1878.07.02_TheLeedsMercury	87134
1878.07.02_TheLeedsMercury_0006	12066	1878.07.02_TheLeedsMercury	87134
1878.07.02_TheLeedsMercury_0007	12228	1878.07.02_TheLeedsMercury	87134
1878.07.02_TheLeedsMercury_0008	11200	1878.07.02_TheLeedsMercury	87134
1878.07.02_ThePallMallGazette_0001	1517	1878.07.02_ThePallMallGazette	33876
1878.07.02_ThePallMallGazette_0002	1859	1878.07.02_ThePallMallGazette	33876
1878.07.02_ThePallMallGazette_0003	2064	1878.07.02_ThePallMallGazette	33876
1878.07.02_ThePallMallGazette_0004	2082	1878.07.02_ThePallMallGazette	33876
1878.07.02_ThePallMallGazette_0005	2532	1878.07.02_ThePallMallGazette	33876
1878.07.02_ThePallMallGazette_0006	2373	1878.07.02_ThePallMallGazette	33876
1878.07.02_ThePallMallGazette_0007	2875	1878.07.02_ThePallMallGazette	33876
1878.07.02_ThePallMallGazette_0008	2227	1878.07.02_ThePallMallGazette	33876
1878.07.02_ThePallMallGazette_0009	2941	1878.07.02_ThePallMallGazette	33876
1878.07.02_ThePallMallGazette_0010	2221	1878.07.02_ThePallMallGazette	33876
1878.07.02_ThePallMallGazette_0011	2254	1878.07.02_ThePallMallGazette	33876
1878.07.02_ThePallMallGazette_0012	2188	1878.07.02_ThePallMallGazette	33876
1878.07.02_ThePallMallGazette_0013	1302	1878.07.02_ThePallMallGazette	33876
1878.07.02_ThePallMallGazette_0014	3142	1878.07.02_ThePallMallGazette	33876
1878.07.02_ThePallMallGazette_0015	1593	1878.07.02_ThePallMallGazette	33876
1878.07.02_ThePallMallGazette_0016	706	1878.07.02_ThePallMallGazette	33876
1878.07.02_Times_0001	11370	1878.07.02_Times	172313
1878.07.02_Times_0002	9038	1878.07.02_Times	172313
1878.07.02_Times_0003	9383	1878.07.02_Times	172313
1878.07.02_Times_0004	11504	1878.07.02_Times	172313
1878.07.02_Times_0005	9127	1878.07.02_Times	172313
1878.07.02_Times_0006	23242	1878.07.02_Times	172313
1878.07.02_Times_0007	1365	1878.07.02_Times	172313
1878.07.02_Times_0008	11338	1878.07.02_Times	172313
1878.07.02_Times_0009	7897	1878.07.02_Times	172313
1878.07.02_Times_0010	8840	1878.07.02_Times	172313
1878.07.02_Times_0011	9213	1878.07.02_Times	172313
1878.07.02_Times_0012	11838	1878.07.02_Times	172313
1878.07.02_Times_0013	14171	1878.07.02_Times	172313
1878.07.02_Times_0014	10893	1878.07.02_Times	172313
1878.07.02_Times_0015	9850	1878.07.02_Times	172313
1878.07.02_Times_0016	13244	1878.07.02_Times	172313
1878.07.02_WesternMail_0001	9961	1878.07.02_WesternMail	50344
1878.07.02_WesternMail_0002	11623	1878.07.02_WesternMail	50344
1878.07.02_WesternMail_0003	15856	1878.07.02_WesternMail	50344
1878.07.02_WesternMail_0004	12904	1878.07.02_WesternMail	50344
1878.07.03_AberdeenWeeklyJournal_0001	6983	1878.07.03_AberdeenWeeklyJournal	82996
1878.07.03_AberdeenWeeklyJournal_0002	5374	1878.07.03_AberdeenWeeklyJournal	82996
1878.07.03_AberdeenWeeklyJournal_0003	11614	1878.07.03_AberdeenWeeklyJournal	82996
1878.07.03_AberdeenWeeklyJournal_0004	9684	1878.07.03_AberdeenWeeklyJournal	82996
1878.07.03_AberdeenWeeklyJournal_0005	10635	1878.07.03_AberdeenWeeklyJournal	82996
1878.07.03_AberdeenWeeklyJournal_0006	14220	1878.07.03_AberdeenWeeklyJournal	82996
1878.07.03_AberdeenWeeklyJournal_0007	11482	1878.07.03_AberdeenWeeklyJournal	82996
1878.07.03_AberdeenWeeklyJournal_0008	13004	1878.07.03_AberdeenWeeklyJournal	82996
1878.07.03_BaneracAmserauCymru_0001	2805	1878.07.03_BaneracAmserauCymru	69091
1878.07.03_BaneracAmserauCymru_0002	3829	1878.07.03_BaneracAmserauCymru	69091
1878.07.03_BaneracAmserauCymru_0003	3412	1878.07.03_BaneracAmserauCymru	69091
1878.07.03_BaneracAmserauCymru_0004	5311	1878.07.03_BaneracAmserauCymru	69091
1878.07.03_BaneracAmserauCymru_0005	5441	1878.07.03_BaneracAmserauCymru	69091
1878.07.03_BaneracAmserauCymru_0006	4862	1878.07.03_BaneracAmserauCymru	69091
1878.07.03_BaneracAmserauCymru_0007	4380	1878.07.03_BaneracAmserauCymru	69091
1878.07.03_BaneracAmserauCymru_0008	4381	1878.07.03_BaneracAmserauCymru	69091
1878.07.03_BaneracAmserauCymru_0009	4312	1878.07.03_BaneracAmserauCymru	69091
1878.07.03_BaneracAmserauCymru_0010	4747	1878.07.03_BaneracAmserauCymru	69091
1878.07.03_BaneracAmserauCymru_0011	4071	1878.07.03_BaneracAmserauCymru	69091
1878.07.03_BaneracAmserauCymru_0012	4570	1878.07.03_BaneracAmserauCymru	69091
1878.07.03_BaneracAmserauCymru_0013	5863	1878.07.03_BaneracAmserauCymru	69091
1878.07.03_BaneracAmserauCymru_0014	4913	1878.07.03_BaneracAmserauCymru	69091
1878.07.03_BaneracAmserauCymru_0015	3263	1878.07.03_BaneracAmserauCymru	69091
1878.07.03_BaneracAmserauCymru_0016	2931	1878.07.03_BaneracAmserauCymru	69091
1878.07.03_DailyNews_0001	10500	1878.07.03_DailyNews	88192
1878.07.03_DailyNews_0002	13330	1878.07.03_DailyNews	88192
1878.07.03_DailyNews_0003	13551	1878.07.03_DailyNews	88192
1878.07.03_DailyNews_0004	10120	1878.07.03_DailyNews	88192
1878.07.03_DailyNews_0005	9707	1878.07.03_DailyNews	88192
1878.07.03_DailyNews_0006	13904	1878.07.03_DailyNews	88192
1878.07.03_DailyNews_0007	9267	1878.07.03_DailyNews	88192
1878.07.03_DailyNews_0008	7813	1878.07.03_DailyNews	88192
1878.07.03_Freeman'sJournalandDailyCommercialAdvertiser_0001	11241	1878.07.03_Freeman'sJournalandDailyCommercialAdvertiser	90516
1878.07.03_Freeman'sJournalandDailyCommercialAdvertiser_0002	12793	1878.07.03_Freeman'sJournalandDailyCommercialAdvertiser	90516
1878.07.03_Freeman'sJournalandDailyCommercialAdvertiser_0003	12416	1878.07.03_Freeman'sJournalandDailyCommercialAdvertiser	90516
1878.07.03_Freeman'sJournalandDailyCommercialAdvertiser_0004	6636	1878.07.03_Freeman'sJournalandDailyCommercialAdvertiser	90516
1878.07.03_Freeman'sJournalandDailyCommercialAdvertiser_0005	11004	1878.07.03_Freeman'sJournalandDailyCommercialAdvertiser	90516
1878.07.03_Freeman'sJournalandDailyCommercialAdvertiser_0006	13055	1878.07.03_Freeman'sJournalandDailyCommercialAdvertiser	90516
1878.07.03_Freeman'sJournalandDailyCommercialAdvertiser_0007	13067	1878.07.03_Freeman'sJournalandDailyCommercialAdvertiser	90516
1878.07.03_Freeman'sJournalandDailyCommercialAdvertiser_0008	10304	1878.07.03_Freeman'sJournalandDailyCommercialAdvertiser	90516
1878.07.03_GlasgowHerald_0001	13541	1878.07.03_GlasgowHerald	119667
1878.07.03_GlasgowHerald_0002	12373	1878.07.03_GlasgowHerald	119667
1878.07.03_GlasgowHerald_0003	14519	1878.07.03_GlasgowHerald	119667
1878.07.03_GlasgowHerald_0004	14046	1878.07.03_GlasgowHerald	119667
1878.07.03_GlasgowHerald_0005	17913	1878.07.03_GlasgowHerald	119667
1878.07.03_GlasgowHerald_0006	16537	1878.07.03_GlasgowHerald	119667
1878.07.03_GlasgowHerald_0007	16825	1878.07.03_GlasgowHerald	119667
1878.07.03_GlasgowHerald_0008	13913	1878.07.03_GlasgowHerald	119667
1878.07.03_HampshireTelegraphandSussexChronicleetc_0001	9594	1878.07.03_HampshireTelegraphandSussexChronicleetc	58310
1878.07.03_HampshireTelegraphandSussexChronicleetc_0002	14006	1878.07.03_HampshireTelegraphandSussexChronicleetc	58310
1878.07.03_HampshireTelegraphandSussexChronicleetc_0003	16715	1878.07.03_HampshireTelegraphandSussexChronicleetc	58310
1878.07.03_HampshireTelegraphandSussexChronicleetc_0004	17995	1878.07.03_HampshireTelegraphandSussexChronicleetc	58310
1878.07.03_LiverpoolMercuryetc_0001	13253	1878.07.03_LiverpoolMercuryetc	118154
1878.07.03_LiverpoolMercuryetc_0002	15390	1878.07.03_LiverpoolMercuryetc	118154
1878.07.03_LiverpoolMercuryetc_0003	15505	1878.07.03_LiverpoolMercuryetc	118154
1878.07.03_LiverpoolMercuryetc_0004	14158	1878.07.03_LiverpoolMercuryetc	118154
1878.07.03_LiverpoolMercuryetc_0005	14318	1878.07.03_LiverpoolMercuryetc	118154
1878.07.03_LiverpoolMercuryetc_0006	14522	1878.07.03_LiverpoolMercuryetc	118154
1878.07.03_LiverpoolMercuryetc_0007	15738	1878.07.03_LiverpoolMercuryetc	118154
1878.07.03_LiverpoolMercuryetc_0008	15270	1878.07.03_LiverpoolMercuryetc	118154
1878.07.03_NorthernEcho_0001	6758	1878.07.03_NorthernEcho	33271
1878.07.03_NorthernEcho_0002	7550	1878.07.03_NorthernEcho	33271
1878.07.03_NorthernEcho_0003	9229	1878.07.03_NorthernEcho	33271
1878.07.03_NorthernEcho_0004	9734	1878.07.03_NorthernEcho	33271
1878.07.03_TheDerbyMercury_0001	9962	1878.07.03_TheDerbyMercury	107187
1878.07.03_TheDerbyMercury_0002	16231	1878.07.03_TheDerbyMercury	107187
1878.07.03_TheDerbyMercury_0003	15243	1878.07.03_TheDerbyMercury	107187
1878.07.03_TheDerbyMercury_0004	6026	1878.07.03_TheDerbyMercury	107187
1878.07.03_TheDerbyMercury_0005	12937	1878.07.03_TheDerbyMercury	107187
1878.07.03_TheDerbyMercury_0006	15696	1878.07.03_TheDerbyMercury	107187
1878.07.03_TheDerbyMercury_0007	14226	1878.07.03_TheDerbyMercury	107187
1878.07.03_TheDerbyMercury_0008	16866	1878.07.03_TheDerbyMercury	107187
1878.07.03_TheLeedsMercury_0001	8932	1878.07.03_TheLeedsMercury	88576
1878.07.03_TheLeedsMercury_0002	11340	1878.07.03_TheLeedsMercury	88576
1878.07.03_TheLeedsMercury_0003	12169	1878.07.03_TheLeedsMercury	88576
1878.07.03_TheLeedsMercury_0004	9572	1878.07.03_TheLeedsMercury	88576
1878.07.03_TheLeedsMercury_0005	10337	1878.07.03_TheLeedsMercury	88576
1878.07.03_TheLeedsMercury_0006	13207	1878.07.03_TheLeedsMercury	88576
1878.07.03_TheLeedsMercury_0007	11755	1878.07.03_TheLeedsMercury	88576
1878.07.03_TheLeedsMercury_0008	11264	1878.07.03_TheLeedsMercury	88576
1878.07.03_ThePallMallGazette_0001	1539	1878.07.03_ThePallMallGazette	33897
1878.07.03_ThePallMallGazette_0002	2034	1878.07.03_ThePallMallGazette	33897
1878.07.03_ThePallMallGazette_0003	2627	1878.07.03_ThePallMallGazette	33897
1878.07.03_ThePallMallGazette_0004	2060	1878.07.03_ThePallMallGazette	33897
1878.07.03_ThePallMallGazette_0005	2191	1878.07.03_ThePallMallGazette	33897
1878.07.03_ThePallMallGazette_0006	2423	1878.07.03_ThePallMallGazette	33897
1878.07.03_ThePallMallGazette_0007	2616	1878.07.03_ThePallMallGazette	33897
1878.07.03_ThePallMallGazette_0008	2177	1878.07.03_ThePallMallGazette	33897
1878.07.03_ThePallMallGazette_0009	2977	1878.07.03_ThePallMallGazette	33897
1878.07.03_ThePallMallGazette_0010	2138	1878.07.03_ThePallMallGazette	33897
1878.07.03_ThePallMallGazette_0011	2300	1878.07.03_ThePallMallGazette	33897
1878.07.03_ThePallMallGazette_0012	2144	1878.07.03_ThePallMallGazette	33897
1878.07.03_ThePallMallGazette_0013	673	1878.07.03_ThePallMallGazette	33897
1878.07.03_ThePallMallGazette_0014	2544	1878.07.03_ThePallMallGazette	33897
1878.07.03_ThePallMallGazette_0015	2335	1878.07.03_ThePallMallGazette	33897
1878.07.03_ThePallMallGazette_0016	1119	1878.07.03_ThePallMallGazette	33897
1878.07.03_Times_0001	10816	1878.07.03_Times	174204
1878.07.03_Times_0002	10732	1878.07.03_Times	174204
1878.07.03_Times_0003	9076	1878.07.03_Times	174204
1878.07.03_Times_0004	13606	1878.07.03_Times	174204
1878.07.03_Times_0005	9252	1878.07.03_Times	174204
1878.07.03_Times_0006	11970	1878.07.03_Times	174204
1878.07.03_Times_0007	9409	1878.07.03_Times	174204
1878.07.03_Times_0008	11722	1878.07.03_Times	174204
1878.07.03_Times_0009	8576	1878.07.03_Times	174204
1878.07.03_Times_0010	9659	1878.07.03_Times	174204
1878.07.03_Times_0011	11468	1878.07.03_Times	174204
1878.07.03_Times_0012	10633	1878.07.03_Times	174204
1878.07.03_Times_0013	12986	1878.07.03_Times	174204
1878.07.03_Times_0014	10491	1878.07.03_Times	174204
1878.07.03_Times_0015	10755	1878.07.03_Times	174204
1878.07.03_Times_0016	13053	1878.07.03_Times	174204
1878.07.03_Trewman'sExeterFlyingPostorPlymouthandCornishAdvertiser_0001	8707	1878.07.03_Trewman'sExeterFlyingPostorPlymouthandCornishAdvertiser	88536
1878.07.03_Trewman'sExeterFlyingPostorPlymouthandCornishAdvertiser_0002	9548	1878.07.03_Trewman'sExeterFlyingPostorPlymouthandCornishAdvertiser	88536
1878.07.03_Trewman'sExeterFlyingPostorPlymouthandCornishAdvertiser_0003	12629	1878.07.03_Trewman'sExeterFlyingPostorPlymouthandCornishAdvertiser	88536
1878.07.03_Trewman'sExeterFlyingPostorPlymouthandCornishAdvertiser_0004	6286	1878.07.03_Trewman'sExeterFlyingPostorPlymouthandCornishAdvertiser	88536
1878.07.03_Trewman'sExeterFlyingPostorPlymouthandCornishAdvertiser_0005	12727	1878.07.03_Trewman'sExeterFlyingPostorPlymouthandCornishAdvertiser	88536
1878.07.03_Trewman'sExeterFlyingPostorPlymouthandCornishAdvertiser_0006	13832	1878.07.03_Trewman'sExeterFlyingPostorPlymouthandCornishAdvertiser	88536
1878.07.03_Trewman'sExeterFlyingPostorPlymouthandCornishAdvertiser_0007	12791	1878.07.03_Trewman'sExeterFlyingPostorPlymouthandCornishAdvertiser	88536
1878.07.03_Trewman'sExeterFlyingPostorPlymouthandCornishAdvertiser_0008	12016	1878.07.03_Trewman'sExeterFlyingPostorPlymouthandCornishAdvertiser	88536
1878.07.03_WesternMail_0001	12252	1878.07.03_WesternMail	56780
1878.07.03_WesternMail_0002	12059	1878.07.03_WesternMail	56780
1878.07.03_WesternMail_0003	17761	1878.07.03_WesternMail	56780
1878.07.03_WesternMail_0004	14708	1878.07.03_WesternMail	56780
1878.07.04_AberdeenWeeklyJournal_0001	8703	1878.07.04_AberdeenWeeklyJournal	59406
1878.07.04_AberdeenWeeklyJournal_0002	15627	1878.07.04_AberdeenWeeklyJournal	59406
1878.07.04_AberdeenWeeklyJournal_0003	15977	1878.07.04_AberdeenWeeklyJournal	59406
1878.07.04_AberdeenWeeklyJournal_0004	19099	1878.07.04_AberdeenWeeklyJournal	59406
1878.07.04_DailyNews_0001	9730	1878.07.04_DailyNews	78250
1878.07.04_DailyNews_0002	12223	1878.07.04_DailyNews	78250
1878.07.04_DailyNews_0003	11831	1878.07.04_DailyNews	78250
1878.07.04_DailyNews_0004	9662	1878.07.04_DailyNews	78250
1878.07.04_DailyNews_0005	9188	1878.07.04_DailyNews	78250
1878.07.04_DailyNews_0006	10243	1878.07.04_DailyNews	78250
1878.07.04_DailyNews_0007	8017	1878.07.04_DailyNews	78250
1878.07.04_DailyNews_0008	7356	1878.07.04_DailyNews	78250
1878.07.04_Freeman'sJournalandDailyCommercialAdvertiser_0001	10252	1878.07.04_Freeman'sJournalandDailyCommercialAdvertiser	87882
1878.07.04_Freeman'sJournalandDailyCommercialAdvertiser_0002	11448	1878.07.04_Freeman'sJournalandDailyCommercialAdvertiser	87882
1878.07.04_Freeman'sJournalandDailyCommercialAdvertiser_0003	12608	1878.07.04_Freeman'sJournalandDailyCommercialAdvertiser	87882
1878.07.04_Freeman'sJournalandDailyCommercialAdvertiser_0004	6321	1878.07.04_Freeman'sJournalandDailyCommercialAdvertiser	87882
1878.07.04_Freeman'sJournalandDailyCommercialAdvertiser_0005	9417	1878.07.04_Freeman'sJournalandDailyCommercialAdvertiser	87882
1878.07.04_Freeman'sJournalandDailyCommercialAdvertiser_0006	13613	1878.07.04_Freeman'sJournalandDailyCommercialAdvertiser	87882
1878.07.04_Freeman'sJournalandDailyCommercialAdvertiser_0007	13279	1878.07.04_Freeman'sJournalandDailyCommercialAdvertiser	87882
1878.07.04_Freeman'sJournalandDailyCommercialAdvertiser_0008	10944	1878.07.04_Freeman'sJournalandDailyCommercialAdvertiser	87882
1878.07.04_GlasgowHerald_0001	10198	1878.07.04_GlasgowHerald	96174
1878.07.04_GlasgowHerald_0002	9277	1878.07.04_GlasgowHerald	96174
1878.07.04_GlasgowHerald_0003	13612	1878.07.04_GlasgowHerald	96174
1878.07.04_GlasgowHerald_0004	11318	1878.07.04_GlasgowHerald	96174
1878.07.04_GlasgowHerald_0005	14456	1878.07.04_GlasgowHerald	96174
1878.07.04_GlasgowHerald_0006	14120	1878.07.04_GlasgowHerald	96174
1878.07.04_GlasgowHerald_0007	12576	1878.07.04_GlasgowHerald	96174
1878.07.04_GlasgowHerald_0008	10617	1878.07.04_GlasgowHerald	96174
1878.07.04_LiverpoolMercuryetc_0001	11725	1878.07.04_LiverpoolMercuryetc	123215
1878.07.04_LiverpoolMercuryetc_0002	16515	1878.07.04_LiverpoolMercuryetc	123215
1878.07.04_LiverpoolMercuryetc_0003	16188	1878.07.04_LiverpoolMercuryetc	123215
1878.07.04_LiverpoolMercuryetc_0004	14934	1878.07.04_LiverpoolMercuryetc	123215
1878.07.04_LiverpoolMercuryetc_0005	15553	1878.07.04_LiverpoolMercuryetc	123215
1878.07.04_LiverpoolMercuryetc_0006	14656	1878.07.04_LiverpoolMercuryetc	123215
1878.07.04_LiverpoolMercuryetc_0007	15260	1878.07.04_LiverpoolMercuryetc	123215
1878.07.04_LiverpoolMercuryetc_0008	18384	1878.07.04_LiverpoolMercuryetc	123215
1878.07.04_NorthernEcho_0001	5982	1878.07.04_NorthernEcho	32063
1878.07.04_NorthernEcho_0002	8012	1878.07.04_NorthernEcho	32063
1878.07.04_NorthernEcho_0003	9065	1878.07.04_NorthernEcho	32063
1878.07.04_NorthernEcho_0004	9004	1878.07.04_NorthernEcho	32063
1878.07.04_TheLeedsMercury_0001	10049	1878.07.04_TheLeedsMercury	89441
1878.07.04_TheLeedsMercury_0002	10590	1878.07.04_TheLeedsMercury	89441
1878.07.04_TheLeedsMercury_0003	12166	1878.07.04_TheLeedsMercury	89441
1878.07.04_TheLeedsMercury_0004	9673	1878.07.04_TheLeedsMercury	89441
1878.07.04_TheLeedsMercury_0005	10582	1878.07.04_TheLeedsMercury	89441
1878.07.04_TheLeedsMercury_0006	12288	1878.07.04_TheLeedsMercury	89441
1878.07.04_TheLeedsMercury_0007	12281	1878.07.04_TheLeedsMercury	89441
1878.07.04_TheLeedsMercury_0008	11812	1878.07.04_TheLeedsMercury	89441
1878.07.04_ThePallMallGazette_0001	1657	1878.07.04_ThePallMallGazette	35126
1878.07.04_ThePallMallGazette_0002	1832	1878.07.04_ThePallMallGazette	35126
1878.07.04_ThePallMallGazette_0003	2104	1878.07.04_ThePallMallGazette	35126
1878.07.04_ThePallMallGazette_0004	2044	1878.07.04_ThePallMallGazette	35126
1878.07.04_ThePallMallGazette_0005	2565	1878.07.04_ThePallMallGazette	35126
1878.07.04_ThePallMallGazette_0006	2472	1878.07.04_ThePallMallGazette	35126
1878.07.04_ThePallMallGazette_0007	2381	1878.07.04_ThePallMallGazette	35126
1878.07.04_ThePallMallGazette_0008	2254	1878.07.04_ThePallMallGazette	35126
1878.07.04_ThePallMallGazette_0009	2869	1878.07.04_ThePallMallGazette	35126
1878.07.04_ThePallMallGazette_0010	2179	1878.07.04_ThePallMallGazette	35126
1878.07.04_ThePallMallGazette_0011	2049	1878.07.04_ThePallMallGazette	35126
1878.07.04_ThePallMallGazette_0012	2189	1878.07.04_ThePallMallGazette	35126
1878.07.04_ThePallMallGazette_0013	3379	1878.07.04_ThePallMallGazette	35126
1878.07.04_ThePallMallGazette_0014	2691	1878.07.04_ThePallMallGazette	35126
1878.07.04_ThePallMallGazette_0015	1670	1878.07.04_ThePallMallGazette	35126
1878.07.04_ThePallMallGazette_0016	791	1878.07.04_ThePallMallGazette	35126
1878.07.04_Times_0001	11805	1878.07.04_Times	178606
1878.07.04_Times_0002	10939	1878.07.04_Times	178606
1878.07.04_Times_0003	10869	1878.07.04_Times	178606
1878.07.04_Times_0004	13597	1878.07.04_Times	178606
1878.07.04_Times_0005	9064	1878.07.04_Times	178606
1878.07.04_Times_0006	11069	1878.07.04_Times	178606
1878.07.04_Times_0007	9172	1878.07.04_Times	178606
1878.07.04_Times_0008	11917	1878.07.04_Times	178606
1878.07.04_Times_0009	8289	1878.07.04_Times	178606
1878.07.04_Times_0010	9879	1878.07.04_Times	178606
1878.07.04_Times_0011	12027	1878.07.04_Times	178606
1878.07.04_Times_0012	11039	1878.07.04_Times	178606
1878.07.04_Times_0013	11925	1878.07.04_Times	178606
1878.07.04_Times_0014	12019	1878.07.04_Times	178606
1878.07.04_Times_0015	11328	1878.07.04_Times	178606
1878.07.04_Times_0016	13668	1878.07.04_Times	178606
1878.07.04_WesternMail_0001	13457	1878.07.04_WesternMail	60922
1878.07.04_WesternMail_0002	13879	1878.07.04_WesternMail	60922
1878.07.04_WesternMail_0003	18588	1878.07.04_WesternMail	60922
1878.07.04_WesternMail_0004	14998	1878.07.04_WesternMail	60922
1878.07.04_YGenedlCymreig_0001	5064	1878.07.04_YGenedlCymreig	61576
1878.07.04_YGenedlCymreig_0002	5571	1878.07.04_YGenedlCymreig	61576
1878.07.04_YGenedlCymreig_0003	8654	1878.07.04_YGenedlCymreig	61576
1878.07.04_YGenedlCymreig_0004	4865	1878.07.04_YGenedlCymreig	61576
1878.07.04_YGenedlCymreig_0005	8529	1878.07.04_YGenedlCymreig	61576
1878.07.04_YGenedlCymreig_0006	10091	1878.07.04_YGenedlCymreig	61576
1878.07.04_YGenedlCymreig_0007	9158	1878.07.04_YGenedlCymreig	61576
1878.07.04_YGenedlCymreig_0008	9644	1878.07.04_YGenedlCymreig	61576
1878.07.05_AberdeenWeeklyJournal_0001	8374	1878.07.05_AberdeenWeeklyJournal	58235
1878.07.05_AberdeenWeeklyJournal_0002	15944	1878.07.05_AberdeenWeeklyJournal	58235
1878.07.05_AberdeenWeeklyJournal_0003	16799	1878.07.05_AberdeenWeeklyJournal	58235
1878.07.05_AberdeenWeeklyJournal_0004	17118	1878.07.05_AberdeenWeeklyJournal	58235
1878.07.05_DailyNews_0001	9343	1878.07.05_DailyNews	85290
1878.07.05_DailyNews_0002	11528	1878.07.05_DailyNews	85290
1878.07.05_DailyNews_0003	13364	1878.07.05_DailyNews	85290
1878.07.05_DailyNews_0004	10371	1878.07.05_DailyNews	85290
1878.07.05_DailyNews_0005	9468	1878.07.05_DailyNews	85290
1878.07.05_DailyNews_0006	12279	1878.07.05_DailyNews	85290
1878.07.05_DailyNews_0007	7629	1878.07.05_DailyNews	85290
1878.07.05_DailyNews_0008	11308	1878.07.05_DailyNews	85290
1878.07.05_Freeman'sJournalandDailyCommercialAdvertiser_0001	10587	1878.07.05_Freeman'sJournalandDailyCommercialAdvertiser	88173
1878.07.05_Freeman'sJournalandDailyCommercialAdvertiser_0002	13096	1878.07.05_Freeman'sJournalandDailyCommercialAdvertiser	88173
1878.07.05_Freeman'sJournalandDailyCommercialAdvertiser_0003	13355	1878.07.05_Freeman'sJournalandDailyCommercialAdvertiser	88173
1878.07.05_Freeman'sJournalandDailyCommercialAdvertiser_0004	6185	1878.07.05_Freeman'sJournalandDailyCommercialAdvertiser	88173
1878.07.05_Freeman'sJournalandDailyCommercialAdvertiser_0005	10058	1878.07.05_Freeman'sJournalandDailyCommercialAdvertiser	88173
1878.07.05_Freeman'sJournalandDailyCommercialAdvertiser_0006	11458	1878.07.05_Freeman'sJournalandDailyCommercialAdvertiser	88173
1878.07.05_Freeman'sJournalandDailyCommercialAdvertiser_0007	12661	1878.07.05_Freeman'sJournalandDailyCommercialAdvertiser	88173
1878.07.05_Freeman'sJournalandDailyCommercialAdvertiser_0008	10773	1878.07.05_Freeman'sJournalandDailyCommercialAdvertiser	88173
1878.07.05_GlasgowHerald_0001	18120	1878.07.05_GlasgowHerald	126140
1878.07.05_GlasgowHerald_0002	14787	1878.07.05_GlasgowHerald	126140
1878.07.05_GlasgowHerald_0003	14614	1878.07.05_GlasgowHerald	126140
1878.07.05_GlasgowHerald_0004	15284	1878.07.05_GlasgowHerald	126140
1878.07.05_GlasgowHerald_0005	17223	1878.07.05_GlasgowHerald	126140
1878.07.05_GlasgowHerald_0006	16556	1878.07.05_GlasgowHerald	126140
1878.07.05_GlasgowHerald_0007	14250	1878.07.05_GlasgowHerald	126140
1878.07.05_GlasgowHerald_0008	15306	1878.07.05_GlasgowHerald	126140
1878.07.05_LiverpoolMercuryetc_0001	14137	1878.07.05_LiverpoolMercuryetc	137651
1878.07.05_LiverpoolMercuryetc_0002	16515	1878.07.05_LiverpoolMercuryetc	137651
1878.07.05_LiverpoolMercuryetc_0003	15585	1878.07.05_LiverpoolMercuryetc	137651
1878.07.05_LiverpoolMercuryetc_0004	21166	1878.07.05_LiverpoolMercuryetc	137651
1878.07.05_LiverpoolMercuryetc_0005	19907	1878.07.05_LiverpoolMercuryetc	137651
1878.07.05_LiverpoolMercuryetc_0006	16848	1878.07.05_LiverpoolMercuryetc	137651
1878.07.05_LiverpoolMercuryetc_0007	14824	1878.07.05_LiverpoolMercuryetc	137651
1878.07.05_LiverpoolMercuryetc_0008	18669	1878.07.05_LiverpoolMercuryetc	137651
1878.07.05_NorthernEcho_0001	6585	1878.07.05_NorthernEcho	33236
1878.07.05_NorthernEcho_0002	8537	1878.07.05_NorthernEcho	33236
1878.07.05_NorthernEcho_0003	8656	1878.07.05_NorthernEcho	33236
1878.07.05_NorthernEcho_0004	9458	1878.07.05_NorthernEcho	33236
1878.07.05_TheHullPacketandEastRidingTimes_0001	6904	1878.07.05_TheHullPacketandEastRidingTimes	75816
1878.07.05_TheHullPacketandEastRidingTimes_0002	8370	1878.07.05_TheHullPacketandEastRidingTimes	75816
1878.07.05_TheHullPacketandEastRidingTimes_0003	10473	1878.07.05_TheHullPacketandEastRidingTimes	75816
1878.07.05_TheHullPacketandEastRidingTimes_0004	7399	1878.07.05_TheHullPacketandEastRidingTimes	75816
1878.07.05_TheHullPacketandEastRidingTimes_0005	11185	1878.07.05_TheHullPacketandEastRidingTimes	75816
1878.07.05_TheHullPacketandEastRidingTimes_0006	10832	1878.07.05_TheHullPacketandEastRidingTimes	75816
1878.07.05_TheHullPacketandEastRidingTimes_0007	10578	1878.07.05_TheHullPacketandEastRidingTimes	75816
1878.07.05_TheHullPacketandEastRidingTimes_0008	10075	1878.07.05_TheHullPacketandEastRidingTimes	75816
1878.07.05_TheLeedsMercury_0001	10092	1878.07.05_TheLeedsMercury	88040
1878.07.05_TheLeedsMercury_0002	11749	1878.07.05_TheLeedsMercury	88040
1878.07.05_TheLeedsMercury_0003	12931	1878.07.05_TheLeedsMercury	88040
1878.07.05_TheLeedsMercury_0004	9334	1878.07.05_TheLeedsMercury	88040
1878.07.05_TheLeedsMercury_0005	9907	1878.07.05_TheLeedsMercury	88040
1878.07.05_TheLeedsMercury_0006	11830	1878.07.05_TheLeedsMercury	88040
1878.07.05_TheLeedsMercury_0007	11048	1878.07.05_TheLeedsMercury	88040
1878.07.05_TheLeedsMercury_0008	11149	1878.07.05_TheLeedsMercury	88040
1878.07.05_TheNewcastleCourantetc_0001	10367	1878.07.05_TheNewcastleCourantetc	137750
1878.07.05_TheNewcastleCourantetc_0002	17767	1878.07.05_TheNewcastleCourantetc	137750
1878.07.05_TheNewcastleCourantetc_0003	18939	1878.07.05_TheNewcastleCourantetc	137750
1878.07.05_TheNewcastleCourantetc_0004	15420	1878.07.05_TheNewcastleCourantetc	137750
1878.07.05_TheNewcastleCourantetc_0005	17634	1878.07.05_TheNewcastleCourantetc	137750
1878.07.05_TheNewcastleCourantetc_0006	19609	1878.07.05_TheNewcastleCourantetc	137750
1878.07.05_TheNewcastleCourantetc_0007	19606	1878.07.05_TheNewcastleCourantetc	137750
1878.07.05_TheNewcastleCourantetc_0008	18408	1878.07.05_TheNewcastleCourantetc	137750
1878.07.05_ThePallMallGazette_0001	1524	1878.07.05_ThePallMallGazette	35597
1878.07.05_ThePallMallGazette_0002	1924	1878.07.05_ThePallMallGazette	35597
1878.07.05_ThePallMallGazette_0003	2645	1878.07.05_ThePallMallGazette	35597
1878.07.05_ThePallMallGazette_0004	2178	1878.07.05_ThePallMallGazette	35597
1878.07.05_ThePallMallGazette_0005	2068	1878.07.05_ThePallMallGazette	35597
1878.07.05_ThePallMallGazette_0006	2335	1878.07.05_ThePallMallGazette	35597
1878.07.05_ThePallMallGazette_0007	2518	1878.07.05_ThePallMallGazette	35597
1878.07.05_ThePallMallGazette_0008	2469	1878.07.05_ThePallMallGazette	35597
1878.07.05_ThePallMallGazette_0009	3024	1878.07.05_ThePallMallGazette	35597
1878.07.05_ThePallMallGazette_0010	2082	1878.07.05_ThePallMallGazette	35597
1878.07.05_ThePallMallGazette_0011	2142	1878.07.05_ThePallMallGazette	35597
1878.07.05_ThePallMallGazette_0012	2133	1878.07.05_ThePallMallGazette	35597
1878.07.05_ThePallMallGazette_0013	1667	1878.07.05_ThePallMallGazette	35597
1878.07.05_ThePallMallGazette_0014	3061	1878.07.05_ThePallMallGazette	35597
1878.07.05_ThePallMallGazette_0015	2030	1878.07.05_ThePallMallGazette	35597
1878.07.05_ThePallMallGazette_0016	1797	1878.07.05_ThePallMallGazette	35597
1878.07.05_Times_0001	11550	1878.07.05_Times	178026
1878.07.05_Times_0002	10361	1878.07.05_Times	178026
1878.07.05_Times_0003	10748	1878.07.05_Times	178026
1878.07.05_Times_0004	12288	1878.07.05_Times	178026
1878.07.05_Times_0005	8501	1878.07.05_Times	178026
1878.07.05_Times_0006	20348	1878.07.05_Times	178026
1878.07.05_Times_0007	3109	1878.07.05_Times	178026
1878.07.05_Times_0008	11290	1878.07.05_Times	178026
1878.07.05_Times_0009	7581	1878.07.05_Times	178026
1878.07.05_Times_0010	9190	1878.07.05_Times	178026
1878.07.05_Times_0011	9277	1878.07.05_Times	178026
1878.07.05_Times_0012	12126	1878.07.05_Times	178026
1878.07.05_Times_0013	12171	1878.07.05_Times	178026
1878.07.05_Times_0014	15065	1878.07.05_Times	178026
1878.07.05_Times_0015	12151	1878.07.05_Times	178026
1878.07.05_Times_0016	12270	1878.07.05_Times	178026
1878.07.05_WesternMail_0001	11027	1878.07.05_WesternMail	49930
1878.07.05_WesternMail_0002	11424	1878.07.05_WesternMail	49930
1878.07.05_WesternMail_0003	14671	1878.07.05_WesternMail	49930
1878.07.05_WesternMail_0004	12808	1878.07.05_WesternMail	49930
1878.07.06_AberdeenWeeklyJournal_0001	6586	1878.07.06_AberdeenWeeklyJournal	80917
1878.07.06_AberdeenWeeklyJournal_0002	6771	1878.07.06_AberdeenWeeklyJournal	80917
1878.07.06_AberdeenWeeklyJournal_0003	11937	1878.07.06_AberdeenWeeklyJournal	80917
1878.07.06_AberdeenWeeklyJournal_0004	9718	1878.07.06_AberdeenWeeklyJournal	80917
1878.07.06_AberdeenWeeklyJournal_0005	9361	1878.07.06_AberdeenWeeklyJournal	80917
1878.07.06_AberdeenWeeklyJournal_0006	11889	1878.07.06_AberdeenWeeklyJournal	80917
1878.07.06_AberdeenWeeklyJournal_0007	11647	1878.07.06_AberdeenWeeklyJournal	80917
1878.07.06_AberdeenWeeklyJournal_0008	13008	1878.07.06_AberdeenWeeklyJournal	80917
1878.07.06_BaneracAmserauCymru_0001	2400	1878.07.06_BaneracAmserauCymru	33402
1878.07.06_BaneracAmserauCymru_0002	4345	1878.07.06_BaneracAmserauCymru	33402
1878.07.06_BaneracAmserauCymru_0003	4871	1878.07.06_BaneracAmserauCymru	33402
1878.07.06_BaneracAmserauCymru_0004	4361	1878.07.06_BaneracAmserauCymru	33402
1878.07.06_BaneracAmserauCymru_0005	4737	1878.07.06_BaneracAmserauCymru	33402
1878.07.06_BaneracAmserauCymru_0006	4437	1878.07.06_BaneracAmserauCymru	33402
1878.07.06_BaneracAmserauCymru_0007	4385	1878.07.06_BaneracAmserauCymru	33402
1878.07.06_BaneracAmserauCymru_0008	3866	1878.07.06_BaneracAmserauCymru	33402
1878.07.06_DailyNews_0001	4385	1878.07.06_DailyNews	55628
1878.07.06_DailyNews_0002	8560	1878.07.06_DailyNews	55628
1878.07.06_DailyNews_0003	9177	1878.07.06_DailyNews	55628
1878.07.06_DailyNews_0004	7486	1878.07.06_DailyNews	55628
1878.07.06_DailyNews_0005	8163	1878.07.06_DailyNews	55628
1878.07.06_DailyNews_0006	7287	1878.07.06_DailyNews	55628
1878.07.06_DailyNews_0007	5532	1878.07.06_DailyNews	55628
1878.07.06_DailyNews_0008	5038	1878.07.06_DailyNews	55628
1878.07.06_Freeman'sJournalandDailyCommercialAdvertiser_0001	10437	1878.07.06_Freeman'sJournalandDailyCommercialAdvertiser	83023
1878.07.06_Freeman'sJournalandDailyCommercialAdvertiser_0002	10869	1878.07.06_Freeman'sJournalandDailyCommercialAdvertiser	83023
1878.07.06_Freeman'sJournalandDailyCommercialAdvertiser_0003	12547	1878.07.06_Freeman'sJournalandDailyCommercialAdvertiser	83023
1878.07.06_Freeman'sJournalandDailyCommercialAdvertiser_0004	4384	1878.07.06_Freeman'sJournalandDailyCommercialAdvertiser	83023
1878.07.06_Freeman'sJournalandDailyCommercialAdvertiser_0005	9342	1878.07.06_Freeman'sJournalandDailyCommercialAdvertiser	83023
1878.07.06_Freeman'sJournalandDailyCommercialAdvertiser_0006	11981	1878.07.06_Freeman'sJournalandDailyCommercialAdvertiser	83023
1878.07.06_Freeman'sJournalandDailyCommercialAdvertiser_0007	12863	1878.07.06_Freeman'sJournalandDailyCommercialAdvertiser	83023
1878.07.06_Freeman'sJournalandDailyCommercialAdvertiser_0008	10600	1878.07.06_Freeman'sJournalandDailyCommercialAdvertiser	83023
1878.07.06_GlasgowHerald_0001	10199	1878.07.06_GlasgowHerald	95569
1878.07.06_GlasgowHerald_0002	11022	1878.07.06_GlasgowHerald	95569
1878.07.06_GlasgowHerald_0003	12285	1878.07.06_GlasgowHerald	95569
1878.07.06_GlasgowHerald_0004	11321	1878.07.06_GlasgowHerald	95569
1878.07.06_GlasgowHerald_0005	13780	1878.07.06_GlasgowHerald	95569
1878.07.06_GlasgowHerald_0006	12998	1878.07.06_GlasgowHerald	95569
1878.07.06_GlasgowHerald_0007	12795	1878.07.06_GlasgowHerald	95569
1878.07.06_GlasgowHerald_0008	11169	1878.07.06_GlasgowHerald	95569
1878.07.06_HampshireTelegraphandSussexChronicleetc_0001	10190	1878.07.06_HampshireTelegraphandSussexChronicleetc	107609
1878.07.06_HampshireTelegraphandSussexChronicleetc_0002	11911	1878.07.06_HampshireTelegraphandSussexChronicleetc	107609
1878.07.06_HampshireTelegraphandSussexChronicleetc_0003	16452	1878.07.06_HampshireTelegraphandSussexChronicleetc	107609
1878.07.06_HampshireTelegraphandSussexChronicleetc_0004	9702	1878.07.06_HampshireTelegraphandSussexChronicleetc	107609
1878.07.06_HampshireTelegraphandSussexChronicleetc_0005	13433	1878.07.06_HampshireTelegraphandSussexChronicleetc	107609
1878.07.06_HampshireTelegraphandSussexChronicleetc_0006	12896	1878.07.06_HampshireTelegraphandSussexChronicleetc	107609
1878.07.06_HampshireTelegraphandSussexChronicleetc_0007	14329	1878.07.06_HampshireTelegraphandSussexChronicleetc	107609
1878.07.06_HampshireTelegraphandSussexChronicleetc_0008	18696	1878.07.06_HampshireTelegraphandSussexChronicleetc	107609
1878.07.06_Jackson'sOxfordJournal_0001	4195	1878.07.06_Jackson'sOxfordJournal	73728
1878.07.06_Jackson'sOxfordJournal_0002	5954	1878.07.06_Jackson'sOxfordJournal	73728
1878.07.06_Jackson'sOxfordJournal_0003	5068	1878.07.06_Jackson'sOxfordJournal	73728
1878.07.06_Jackson'sOxfordJournal_0004	9047	1878.07.06_Jackson'sOxfordJournal	73728
1878.07.06_Jackson'sOxfordJournal_0005	11529	1878.07.06_Jackson'sOxfordJournal	73728
1878.07.06_Jackson'sOxfordJournal_0006	12922	1878.07.06_Jackson'sOxfordJournal	73728
1878.07.06_Jackson'sOxfordJournal_0007	12421	1878.07.06_Jackson'sOxfordJournal	73728
1878.07.06_Jackson'sOxfordJournal_0008	12592	1878.07.06_Jackson'sOxfordJournal	73728
1878.07.06_LiverpoolMercuryetc_0001	13668	1878.07.06_LiverpoolMercuryetc	117969
1878.07.06_LiverpoolMercuryetc_0002	16624	1878.07.06_LiverpoolMercuryetc	117969
1878.07.06_LiverpoolMercuryetc_0003	16055	1878.07.06_LiverpoolMercuryetc	117969
1878.07.06_LiverpoolMercuryetc_0004	15794	1878.07.06_LiverpoolMercuryetc	117969
1878.07.06_LiverpoolMercuryetc_0005	14136	1878.07.06_LiverpoolMercuryetc	117969
1878.07.06_LiverpoolMercuryetc_0006	13930	1878.07.06_LiverpoolMercuryetc	117969
1878.07.06_LiverpoolMercuryetc_0007	11965	1878.07.06_LiverpoolMercuryetc	117969
1878.07.06_LiverpoolMercuryetc_0008	15797	1878.07.06_LiverpoolMercuryetc	117969
1878.07.06_NorthernEcho_0001	6928	1878.07.06_NorthernEcho	32896
1878.07.06_NorthernEcho_0002	7778	1878.07.06_NorthernEcho	32896
1878.07.06_NorthernEcho_0003	9105	1878.07.06_NorthernEcho	32896
1878.07.06_NorthernEcho_0004	9085	1878.07.06_NorthernEcho	32896
1878.07.06_TheExaminer_0001	1157	1878.07.06_TheExaminer	46040
1878.07.06_TheExaminer_0002	1452	1878.07.06_TheExaminer	46040
1878.07.06_TheExaminer_0003	1454	1878.07.06_TheExaminer	46040
1878.07.06_TheExaminer_0004	1505	1878.07.06_TheExaminer	46040
1878.07.06_TheExaminer_0005	1514	1878.07.06_TheExaminer	46040
1878.07.06_TheExaminer_0006	1592	1878.07.06_TheExaminer	46040
1878.07.06_TheExaminer_0007	1490	1878.07.06_TheExaminer	46040
1878.07.06_TheExaminer_0008	1503	1878.07.06_TheExaminer	46040
1878.07.06_TheExaminer_0009	1536	1878.07.06_TheExaminer	46040
1878.07.06_TheExaminer_0010	1542	1878.07.06_TheExaminer	46040
1878.07.06_TheExaminer_0011	1520	1878.07.06_TheExaminer	46040
1878.07.06_TheExaminer_0012	1529	1878.07.06_TheExaminer	46040
1878.07.06_TheExaminer_0013	1504	1878.07.06_TheExaminer	46040
1878.07.06_TheExaminer_0014	1453	1878.07.06_TheExaminer	46040
1878.07.06_TheExaminer_0015	1478	1878.07.06_TheExaminer	46040
1878.07.06_TheExaminer_0016	1399	1878.07.06_TheExaminer	46040
1878.07.06_TheExaminer_0017	1477	1878.07.06_TheExaminer	46040
1878.07.06_TheExaminer_0018	1682	1878.07.06_TheExaminer	46040
1878.07.06_TheExaminer_0019	1488	1878.07.06_TheExaminer	46040
1878.07.06_TheExaminer_0020	1357	1878.07.06_TheExaminer	46040
1878.07.06_TheExaminer_0021	1542	1878.07.06_TheExaminer	46040
1878.07.06_TheExaminer_0022	1618	1878.07.06_TheExaminer	46040
1878.07.06_TheExaminer_0023	1560	1878.07.06_TheExaminer	46040
1878.07.06_TheExaminer_0024	1642	1878.07.06_TheExaminer	46040
1878.07.06_TheExaminer_0025	1424	1878.07.06_TheExaminer	46040
1878.07.06_TheExaminer_0026	1726	1878.07.06_TheExaminer	46040
1878.07.06_TheExaminer_0027	1210	1878.07.06_TheExaminer	46040
1878.07.06_TheExaminer_0028	1309	1878.07.06_TheExaminer	46040
1878.07.06_TheExaminer_0029	1068	1878.07.06_TheExaminer	46040
1878.07.06_TheExaminer_0030	1316	1878.07.06_TheExaminer	46040
1878.07.06_TheExaminer_0031	1238	1878.07.06_TheExaminer	46040
1878.07.06_TheExaminer_0032	755	1878.07.06_TheExaminer	46040
1878.07.06_TheGraphic_0001	857	1878.07.06_TheGraphic	55377
1878.07.06_TheGraphic_0002	1606	1878.07.06_TheGraphic	55377
1878.07.06_TheGraphic_0003	6	1878.07.06_TheGraphic	55377
1878.07.06_TheGraphic_0004	75	1878.07.06_TheGraphic	55377
1878.07.06_TheGraphic_0005	2706	1878.07.06_TheGraphic	55377
1878.07.06_TheGraphic_0006	3585	1878.07.06_TheGraphic	55377
1878.07.06_TheGraphic_0007	28	1878.07.06_TheGraphic	55377
1878.07.06_TheGraphic_0008	74	1878.07.06_TheGraphic	55377
1878.07.06_TheGraphic_0009	3623	1878.07.06_TheGraphic	55377
1878.07.06_TheGraphic_0010	3647	1878.07.06_TheGraphic	55377
1878.07.06_TheGraphic_0011	57	1878.07.06_TheGraphic	55377
1878.07.06_TheGraphic_0012	1581	1878.07.06_TheGraphic	55377
1878.07.06_TheGraphic_0013	3950	1878.07.06_TheGraphic	55377
1878.07.06_TheGraphic_0014	3004	1878.07.06_TheGraphic	55377
1878.07.06_TheGraphic_0015	108	1878.07.06_TheGraphic	55377
1878.07.06_TheGraphic_0016	3691	1878.07.06_TheGraphic	55377
1878.07.06_TheGraphic_0017	3929	1878.07.06_TheGraphic	55377
1878.07.06_TheGraphic_0018	8	1878.07.06_TheGraphic	55377
1878.07.06_TheGraphic_0019	21	1878.07.06_TheGraphic	55377
1878.07.06_TheGraphic_0020	3484	1878.07.06_TheGraphic	55377
1878.07.06_TheGraphic_0021	3558	1878.07.06_TheGraphic	55377
1878.07.06_TheGraphic_0022	84	1878.07.06_TheGraphic	55377
1878.07.06_TheGraphic_0023	25	1878.07.06_TheGraphic	55377
1878.07.06_TheGraphic_0024	4900	1878.07.06_TheGraphic	55377
1878.07.06_TheGraphic_0025	3992	1878.07.06_TheGraphic	55377
1878.07.06_TheGraphic_0026	4552	1878.07.06_TheGraphic	55377
1878.07.06_TheGraphic_0027	881	1878.07.06_TheGraphic	55377
1878.07.06_TheGraphic_0028	1345	1878.07.06_TheGraphic	55377
1878.07.06_TheIllustratedPoliceNewsetc_0001	113	1878.07.06_TheIllustratedPoliceNewsetc	31881
1878.07.06_TheIllustratedPoliceNewsetc_0002	10486	1878.07.06_TheIllustratedPoliceNewsetc	31881
1878.07.06_TheIllustratedPoliceNewsetc_0003	10574	1878.07.06_TheIllustratedPoliceNewsetc	31881
1878.07.06_TheIllustratedPoliceNewsetc_0004	10708	1878.07.06_TheIllustratedPoliceNewsetc	31881
1878.07.06_TheIpswichJournal_0001	1517	1878.07.06_TheIpswichJournal	62987
1878.07.06_TheIpswichJournal_0002	5898	1878.07.06_TheIpswichJournal	62987
1878.07.06_TheIpswichJournal_0003	7603	1878.07.06_TheIpswichJournal	62987
1878.07.06_TheIpswichJournal_0004	5363	1878.07.06_TheIpswichJournal	62987
1878.07.06_TheIpswichJournal_0005	11366	1878.07.06_TheIpswichJournal	62987
1878.07.06_TheIpswichJournal_0006	8676	1878.07.06_TheIpswichJournal	62987
1878.07.06_TheIpswichJournal_0007	11650	1878.07.06_TheIpswichJournal	62987
1878.07.06_TheIpswichJournal_0008	10914	1878.07.06_TheIpswichJournal	62987
1878.07.06_TheLeedsMercury_0001	9134	1878.07.06_TheLeedsMercury	141424
1878.07.06_TheLeedsMercury_0002	12861	1878.07.06_TheLeedsMercury	141424
1878.07.06_TheLeedsMercury_0003	10947	1878.07.06_TheLeedsMercury	141424
1878.07.06_TheLeedsMercury_0004	13829	1878.07.06_TheLeedsMercury	141424
1878.07.06_TheLeedsMercury_0005	14377	1878.07.06_TheLeedsMercury	141424
1878.07.06_TheLeedsMercury_0006	12643	1878.07.06_TheLeedsMercury	141424
1878.07.06_TheLeedsMercury_0007	9257	1878.07.06_TheLeedsMercury	141424
1878.07.06_TheLeedsMercury_0008	11172	1878.07.06_TheLeedsMercury	141424
1878.07.06_TheLeedsMercury_0009	11100	1878.07.06_TheLeedsMercury	141424
1878.07.06_TheLeedsMercury_0010	11561	1878.07.06_TheLeedsMercury	141424
1878.07.06_TheLeedsMercury_0011	12188	1878.07.06_TheLeedsMercury	141424
1878.07.06_TheLeedsMercury_0012	12355	1878.07.06_TheLeedsMercury	141424
1878.07.06_ThePallMallGazette_0001	1540	1878.07.06_ThePallMallGazette	37038
1878.07.06_ThePallMallGazette_0002	1938	1878.07.06_ThePallMallGazette	37038
1878.07.06_ThePallMallGazette_0003	2117	1878.07.06_ThePallMallGazette	37038
1878.07.06_ThePallMallGazette_0004	2169	1878.07.06_ThePallMallGazette	37038
1878.07.06_ThePallMallGazette_0005	2742	1878.07.06_ThePallMallGazette	37038
1878.07.06_ThePallMallGazette_0006	2363	1878.07.06_ThePallMallGazette	37038
1878.07.06_ThePallMallGazette_0007	2708	1878.07.06_ThePallMallGazette	37038
1878.07.06_ThePallMallGazette_0008	1991	1878.07.06_ThePallMallGazette	37038
1878.07.06_ThePallMallGazette_0009	3084	1878.07.06_ThePallMallGazette	37038
1878.07.06_ThePallMallGazette_0010	2127	1878.07.06_ThePallMallGazette	37038
1878.07.06_ThePallMallGazette_0011	2213	1878.07.06_ThePallMallGazette	37038
1878.07.06_ThePallMallGazette_0012	2462	1878.07.06_ThePallMallGazette	37038
1878.07.06_ThePallMallGazette_0013	1970	1878.07.06_ThePallMallGazette	37038
1878.07.06_ThePallMallGazette_0014	4094	1878.07.06_ThePallMallGazette	37038
1878.07.06_ThePallMallGazette_0015	2598	1878.07.06_ThePallMallGazette	37038
1878.07.06_ThePallMallGazette_0016	922	1878.07.06_ThePallMallGazette	37038
1878.07.06_Times_0001	11319	1878.07.06_Times	225667
1878.07.06_Times_0002	10004	1878.07.06_Times	225667
1878.07.06_Times_0003	10213	1878.07.06_Times	225667
1878.07.06_Times_0004	11498	1878.07.06_Times	225667
1878.07.06_Times_0005	13208	1878.07.06_Times	225667
1878.07.06_Times_0006	8883	1878.07.06_Times	225667
1878.07.06_Times_0007	9681	1878.07.06_Times	225667
1878.07.06_Times_0008	9379	1878.07.06_Times	225667
1878.07.06_Times_0009	12086	1878.07.06_Times	225667
1878.07.06_Times_0010	11702	1878.07.06_Times	225667
1878.07.06_Times_0011	8469	1878.07.06_Times	225667
1878.07.06_Times_0012	9729	1878.07.06_Times	225667
1878.07.06_Times_0013	10503	1878.07.06_Times	225667
1878.07.06_Times_0014	10644	1878.07.06_Times	225667
1878.07.06_Times_0015	12994	1878.07.06_Times	225667
1878.07.06_Times_0016	11150	1878.07.06_Times	225667
1878.07.06_Times_0017	14173	1878.07.06_Times	225667
1878.07.06_Times_0018	13641	1878.07.06_Times	225667
1878.07.06_Times_0019	11938	1878.07.06_Times	225667
1878.07.06_Times_0020	14453	1878.07.06_Times	225667
1878.07.06_WesternMail_0001	13820	1878.07.06_WesternMail	58910
1878.07.06_WesternMail_0002	12875	1878.07.06_WesternMail	58910
1878.07.06_WesternMail_0003	17182	1878.07.06_WesternMail	58910
1878.07.06_WesternMail_0004	15033	1878.07.06_WesternMail	58910
1878.07.06_YGoleuad_0001	1457	1878.07.06_YGoleuad	41557
1878.07.06_YGoleuad_0002	2085	1878.07.06_YGoleuad	41557
1878.07.06_YGoleuad_0003	2142	1878.07.06_YGoleuad	41557
1878.07.06_YGoleuad_0004	2806	1878.07.06_YGoleuad	41557
1878.07.06_YGoleuad_0005	3212	1878.07.06_YGoleuad	41557
1878.07.06_YGoleuad_0006	3232	1878.07.06_YGoleuad	41557
1878.07.06_YGoleuad_0007	3285	1878.07.06_YGoleuad	41557
1878.07.06_YGoleuad_0008	2404	1878.07.06_YGoleuad	41557
1878.07.06_YGoleuad_0009	2840	1878.07.06_YGoleuad	41557
1878.07.06_YGoleuad_0010	2604	1878.07.06_YGoleuad	41557
1878.07.06_YGoleuad_0011	3038	1878.07.06_YGoleuad	41557
1878.07.06_YGoleuad_0012	3038	1878.07.06_YGoleuad	41557
1878.07.06_YGoleuad_0013	2739	1878.07.06_YGoleuad	41557
1878.07.06_YGoleuad_0014	2943	1878.07.06_YGoleuad	41557
1878.07.06_YGoleuad_0015	2478	1878.07.06_YGoleuad	41557
1878.07.06_YGoleuad_0016	1254	1878.07.06_YGoleuad	41557
1878.07.07_Lloyd'sWeeklyNewspaper_0001	6471	1878.07.07_Lloyd'sWeeklyNewspaper	88334
1878.07.07_Lloyd'sWeeklyNewspaper_0002	7771	1878.07.07_Lloyd'sWeeklyNewspaper	88334
1878.07.07_Lloyd'sWeeklyNewspaper_0003	8182	1878.07.07_Lloyd'sWeeklyNewspaper	88334
1878.07.07_Lloyd'sWeeklyNewspaper_0004	7455	1878.07.07_Lloyd'sWeeklyNewspaper	88334
1878.07.07_Lloyd'sWeeklyNewspaper_0005	7719	1878.07.07_Lloyd'sWeeklyNewspaper	88334
1878.07.07_Lloyd'sWeeklyNewspaper_0006	6430	1878.07.07_Lloyd'sWeeklyNewspaper	88334
1878.07.07_Lloyd'sWeeklyNewspaper_0007	7962	1878.07.07_Lloyd'sWeeklyNewspaper	88334
1878.07.07_Lloyd'sWeeklyNewspaper_0008	7108	1878.07.07_Lloyd'sWeeklyNewspaper	88334
1878.07.07_Lloyd'sWeeklyNewspaper_0009	6962	1878.07.07_Lloyd'sWeeklyNewspaper	88334
1878.07.07_Lloyd'sWeeklyNewspaper_0010	7869	1878.07.07_Lloyd'sWeeklyNewspaper	88334
1878.07.07_Lloyd'sWeeklyNewspaper_0011	7710	1878.07.07_Lloyd'sWeeklyNewspaper	88334
1878.07.07_Lloyd'sWeeklyNewspaper_0012	6695	1878.07.07_Lloyd'sWeeklyNewspaper	88334
1878.07.07_Reynolds'sNewspaper_0001	9446	1878.07.07_Reynolds'sNewspaper	81399
1878.07.07_Reynolds'sNewspaper_0002	10092	1878.07.07_Reynolds'sNewspaper	81399
1878.07.07_Reynolds'sNewspaper_0003	9968	1878.07.07_Reynolds'sNewspaper	81399
1878.07.07_Reynolds'sNewspaper_0004	10669	1878.07.07_Reynolds'sNewspaper	81399
1878.07.07_Reynolds'sNewspaper_0005	10160	1878.07.07_Reynolds'sNewspaper	81399
1878.07.07_Reynolds'sNewspaper_0006	11413	1878.07.07_Reynolds'sNewspaper	81399
1878.07.07_Reynolds'sNewspaper_0007	9633	1878.07.07_Reynolds'sNewspaper	81399
1878.07.07_Reynolds'sNewspaper_0008	10018	1878.07.07_Reynolds'sNewspaper	81399
1878.07.07_TheEra_0001	3162	1878.07.07_TheEra	113557
1878.07.07_TheEra_0002	6181	1878.07.07_TheEra	113557
1878.07.07_TheEra_0003	6653	1878.07.07_TheEra	113557
1878.07.07_TheEra_0004	6728	1878.07.07_TheEra	113557
1878.07.07_TheEra_0005	6434	1878.07.07_TheEra	113557
1878.07.07_TheEra_0006	6545	1878.07.07_TheEra	113557
1878.07.07_TheEra_0007	6320	1878.07.07_TheEra	113557
1878.07.07_TheEra_0008	5975	1878.07.07_TheEra	113557
1878.07.07_TheEra_0009	5824	1878.07.07_TheEra	113557
1878.07.07_TheEra_0010	5971	1878.07.07_TheEra	113557
1878.07.07_TheEra_0011	5933	1878.07.07_TheEra	113557
1878.07.07_TheEra_0012	7024	1878.07.07_TheEra	113557
1878.07.07_TheEra_0013	7095	1878.07.07_TheEra	113557
1878.07.07_TheEra_0014	4944	1878.07.07_TheEra	113557
1878.07.07_TheEra_0015	4622	1878.07.07_TheEra	113557
1878.07.07_TheEra_0016	4941	1878.07.07_TheEra	113557
1878.07.07_TheEra_0017	4625	1878.07.07_TheEra	113557
1878.07.07_TheEra_0018	4983	1878.07.07_TheEra	113557
1878.07.07_TheEra_0019	5122	1878.07.07_TheEra	113557
1878.07.07_TheEra_0020	4475	1878.07.07_TheEra	113557
1878.07.08_AberdeenWeeklyJournal_0001	8410	1878.07.08_AberdeenWeeklyJournal	53690
1878.07.08_AberdeenWeeklyJournal_0002	15024	1878.07.08_AberdeenWeeklyJournal	53690
1878.07.08_AberdeenWeeklyJournal_0003	15607	1878.07.08_AberdeenWeeklyJournal	53690
1878.07.08_AberdeenWeeklyJournal_0004	14649	1878.07.08_AberdeenWeeklyJournal	53690
1878.07.08_DailyNews_0001	9942	1878.07.08_DailyNews	90174
1878.07.08_DailyNews_0002	13603	1878.07.08_DailyNews	90174
1878.07.08_DailyNews_0003	13288	1878.07.08_DailyNews	90174
1878.07.08_DailyNews_0004	10479	1878.07.08_DailyNews	90174
1878.07.08_DailyNews_0005	8857	1878.07.08_DailyNews	90174
1878.07.08_DailyNews_0006	13610	1878.07.08_DailyNews	90174
1878.07.08_DailyNews_0007	7791	1878.07.08_DailyNews	90174
1878.07.08_DailyNews_0008	12604	1878.07.08_DailyNews	90174
1878.07.08_Freeman'sJournalandDailyCommercialAdvertiser_0001	10637	1878.07.08_Freeman'sJournalandDailyCommercialAdvertiser	91588
1878.07.08_Freeman'sJournalandDailyCommercialAdvertiser_0002	13371	1878.07.08_Freeman'sJournalandDailyCommercialAdvertiser	91588
1878.07.08_Freeman'sJournalandDailyCommercialAdvertiser_0003	12974	1878.07.08_Freeman'sJournalandDailyCommercialAdvertiser	91588
1878.07.08_Freeman'sJournalandDailyCommercialAdvertiser_0004	7422	1878.07.08_Freeman'sJournalandDailyCommercialAdvertiser	91588
1878.07.08_Freeman'sJournalandDailyCommercialAdvertiser_0005	9310	1878.07.08_Freeman'sJournalandDailyCommercialAdvertiser	91588
1878.07.08_Freeman'sJournalandDailyCommercialAdvertiser_0006	11167	1878.07.08_Freeman'sJournalandDailyCommercialAdvertiser	91588
1878.07.08_Freeman'sJournalandDailyCommercialAdvertiser_0007	15616	1878.07.08_Freeman'sJournalandDailyCommercialAdvertiser	91588
1878.07.08_Freeman'sJournalandDailyCommercialAdvertiser_0008	11091	1878.07.08_Freeman'sJournalandDailyCommercialAdvertiser	91588
1878.07.08_GlasgowHerald_0001	11464	1878.07.08_GlasgowHerald	110309
1878.07.08_GlasgowHerald_0002	10297	1878.07.08_GlasgowHerald	110309
1878.07.08_GlasgowHerald_0003	13952	1878.07.08_GlasgowHerald	110309
1878.07.08_GlasgowHerald_0004	15704	1878.07.08_GlasgowHerald	110309
1878.07.08_GlasgowHerald_0005	16517	1878.07.08_GlasgowHerald	110309
1878.07.08_GlasgowHerald_0006	15191	1878.07.08_GlasgowHerald	110309
1878.07.08_GlasgowHerald_0007	13850	1878.07.08_GlasgowHerald	110309
1878.07.08_GlasgowHerald_0008	13334	1878.07.08_GlasgowHerald	110309
1878.07.08_LiverpoolMercuryetc_0001	13394	1878.07.08_LiverpoolMercuryetc	121662
1878.07.08_LiverpoolMercuryetc_0002	16907	1878.07.08_LiverpoolMercuryetc	121662
1878.07.08_LiverpoolMercuryetc_0003	16314	1878.07.08_LiverpoolMercuryetc	121662
1878.07.08_LiverpoolMercuryetc_0004	15700	1878.07.08_LiverpoolMercuryetc	121662
1878.07.08_LiverpoolMercuryetc_0005	15278	1878.07.08_LiverpoolMercuryetc	121662
1878.07.08_LiverpoolMercuryetc_0006	13875	1878.07.08_LiverpoolMercuryetc	121662
1878.07.08_LiverpoolMercuryetc_0007	15120	1878.07.08_LiverpoolMercuryetc	121662
1878.07.08_LiverpoolMercuryetc_0008	15074	1878.07.08_LiverpoolMercuryetc	121662
1878.07.08_NorthernEcho_0001	6428	1878.07.08_NorthernEcho	32872
1878.07.08_NorthernEcho_0002	8260	1878.07.08_NorthernEcho	32872
1878.07.08_NorthernEcho_0003	8215	1878.07.08_NorthernEcho	32872
1878.07.08_NorthernEcho_0004	9969	1878.07.08_NorthernEcho	32872
1878.07.08_TheLeedsMercury_0001	9991	1878.07.08_TheLeedsMercury	45516
1878.07.08_TheLeedsMercury_0002	11702	1878.07.08_TheLeedsMercury	45516
1878.07.08_TheLeedsMercury_0003	11083	1878.07.08_TheLeedsMercury	45516
1878.07.08_TheLeedsMercury_0004	12740	1878.07.08_TheLeedsMercury	45516
1878.07.08_ThePallMallGazette_0001	1598	1878.07.08_ThePallMallGazette	39438
1878.07.08_ThePallMallGazette_0002	2170	1878.07.08_ThePallMallGazette	39438
1878.07.08_ThePallMallGazette_0003	2150	1878.07.08_ThePallMallGazette	39438
1878.07.08_ThePallMallGazette_0004	2058	1878.07.08_ThePallMallGazette	39438
1878.07.08_ThePallMallGazette_0005	2576	1878.07.08_ThePallMallGazette	39438
1878.07.08_ThePallMallGazette_0006	2436	1878.07.08_ThePallMallGazette	39438
1878.07.08_ThePallMallGazette_0007	2525	1878.07.08_ThePallMallGazette	39438
1878.07.08_ThePallMallGazette_0008	2297	1878.07.08_ThePallMallGazette	39438
1878.07.08_ThePallMallGazette_0009	2997	1878.07.08_ThePallMallGazette	39438
1878.07.08_ThePallMallGazette_0010	2194	1878.07.08_ThePallMallGazette	39438
1878.07.08_ThePallMallGazette_0011	2126	1878.07.08_ThePallMallGazette	39438
1878.07.08_ThePallMallGazette_0012	2175	1878.07.08_ThePallMallGazette	39438
1878.07.08_ThePallMallGazette_0013	3339	1878.07.08_ThePallMallGazette	39438
1878.07.08_ThePallMallGazette_0014	2721	1878.07.08_ThePallMallGazette	39438
1878.07.08_ThePallMallGazette_0015	2631	1878.07.08_ThePallMallGazette	39438
1878.07.08_ThePallMallGazette_0016	3445	1878.07.08_ThePallMallGazette	39438
1878.07.08_Times_0001	10412	1878.07.08_Times	172345
1878.07.08_Times_0002	11301	1878.07.08_Times	172345
1878.07.08_Times_0003	10959	1878.07.08_Times	172345
1878.07.08_Times_0004	12013	1878.07.08_Times	172345
1878.07.08_Times_0005	8316	1878.07.08_Times	172345
1878.07.08_Times_0006	10409	1878.07.08_Times	172345
1878.07.08_Times_0007	11616	1878.07.08_Times	172345
1878.07.08_Times_0008	11336	1878.07.08_Times	172345
1878.07.08_Times_0009	8237	1878.07.08_Times	172345
1878.07.08_Times_0010	8615	1878.07.08_Times	172345
1878.07.08_Times_0011	10401	1878.07.08_Times	172345
1878.07.08_Times_0012	10562	1878.07.08_Times	172345
1878.07.08_Times_0013	10323	1878.07.08_Times	172345
1878.07.08_Times_0014	11384	1878.07.08_Times	172345
1878.07.08_Times_0015	12866	1878.07.08_Times	172345
1878.07.08_Times_0016	13595	1878.07.08_Times	172345
1878.07.08_WesternMail_0001	13677	1878.07.08_WesternMail	56348
1878.07.08_WesternMail_0002	12137	1878.07.08_WesternMail	56348
1878.07.08_WesternMail_0003	18373	1878.07.08_WesternMail	56348
1878.07.08_WesternMail_0004	12161	1878.07.08_WesternMail	56348
1878.07.09_AberdeenWeeklyJournal_0001	8940	1878.07.09_AberdeenWeeklyJournal	56088
1878.07.09_AberdeenWeeklyJournal_0002	15340	1878.07.09_AberdeenWeeklyJournal	56088
1878.07.09_AberdeenWeeklyJournal_0003	14926	1878.07.09_AberdeenWeeklyJournal	56088
1878.07.09_AberdeenWeeklyJournal_0004	16882	1878.07.09_AberdeenWeeklyJournal	56088
1878.07.09_DailyNews_0001	6578	1878.07.09_DailyNews	71479
1878.07.09_DailyNews_0002	11705	1878.07.09_DailyNews	71479
1878.07.09_DailyNews_0003	10984	1878.07.09_DailyNews	71479
1878.07.09_DailyNews_0004	9205	1878.07.09_DailyNews	71479
1878.07.09_DailyNews_0005	8598	1878.07.09_DailyNews	71479
1878.07.09_DailyNews_0006	9225	1878.07.09_DailyNews	71479
1878.07.09_DailyNews_0007	7552	1878.07.09_DailyNews	71479
1878.07.09_DailyNews_0008	7632	1878.07.09_DailyNews	71479
1878.07.09_Freeman'sJournalandDailyCommercialAdvertiser_0001	11109	1878.07.09_Freeman'sJournalandDailyCommercialAdvertiser	88650
1878.07.09_Freeman'sJournalandDailyCommercialAdvertiser_0002	13800	1878.07.09_Freeman'sJournalandDailyCommercialAdvertiser	88650
1878.07.09_Freeman'sJournalandDailyCommercialAdvertiser_0003	12632	1878.07.09_Freeman'sJournalandDailyCommercialAdvertiser	88650
1878.07.09_Freeman'sJournalandDailyCommercialAdvertiser_0004	5858	1878.07.09_Freeman'sJournalandDailyCommercialAdvertiser	88650
1878.07.09_Freeman'sJournalandDailyCommercialAdvertiser_0005	10794	1878.07.09_Freeman'sJournalandDailyCommercialAdvertiser	88650
1878.07.09_Freeman'sJournalandDailyCommercialAdvertiser_0006	11317	1878.07.09_Freeman'sJournalandDailyCommercialAdvertiser	88650
1878.07.09_Freeman'sJournalandDailyCommercialAdvertiser_0007	12977	1878.07.09_Freeman'sJournalandDailyCommercialAdvertiser	88650
1878.07.09_Freeman'sJournalandDailyCommercialAdvertiser_0008	10163	1878.07.09_Freeman'sJournalandDailyCommercialAdvertiser	88650
1878.07.09_GlasgowHerald_0001	11984	1878.07.09_GlasgowHerald	111215
1878.07.09_GlasgowHerald_0002	12006	1878.07.09_GlasgowHerald	111215
1878.07.09_GlasgowHerald_0003	15556	1878.07.09_GlasgowHerald	111215
1878.07.09_GlasgowHerald_0004	12468	1878.07.09_GlasgowHerald	111215
1878.07.09_GlasgowHerald_0005	14563	1878.07.09_GlasgowHerald	111215
1878.07.09_GlasgowHerald_0006	14612	1878.07.09_GlasgowHerald	111215
1878.07.09_GlasgowHerald_0007	16212	1878.07.09_GlasgowHerald	111215
1878.07.09_GlasgowHerald_0008	13814	1878.07.09_GlasgowHerald	111215
1878.07.09_LiverpoolMercuryetc_0001	11995	1878.07.09_LiverpoolMercuryetc	125310
1878.07.09_LiverpoolMercuryetc_0002	17002	1878.07.09_LiverpoolMercuryetc	125310
1878.07.09_LiverpoolMercuryetc_0003	16679	1878.07.09_LiverpoolMercuryetc	125310
1878.07.09_LiverpoolMercuryetc_0004	16627	1878.07.09_LiverpoolMercuryetc	125310
1878.07.09_LiverpoolMercuryetc_0005	15661	1878.07.09_LiverpoolMercuryetc	125310
1878.07.09_LiverpoolMercuryetc_0006	15594	1878.07.09_LiverpoolMercuryetc	125310
1878.07.09_LiverpoolMercuryetc_0007	15354	1878.07.09_LiverpoolMercuryetc	125310
1878.07.09_LiverpoolMercuryetc_0008	16398	1878.07.09_LiverpoolMercuryetc	125310
1878.07.09_NorthernEcho_0001	7231	1878.07.09_NorthernEcho	33655
1878.07.09_NorthernEcho_0002	8820	1878.07.09_NorthernEcho	33655
1878.07.09_NorthernEcho_0003	8416	1878.07.09_NorthernEcho	33655
1878.07.09_NorthernEcho_0004	9188	1878.07.09_NorthernEcho	33655
1878.07.09_TheIpswichJournal_0001	5316	1878.07.09_TheIpswichJournal	36874
1878.07.09_TheIpswichJournal_0002	9423	1878.07.09_TheIpswichJournal	36874
1878.07.09_TheIpswichJournal_0003	10368	1878.07.09_TheIpswichJournal	36874
1878.07.09_TheIpswichJournal_0004	11767	1878.07.09_TheIpswichJournal	36874
1878.07.09_TheLeedsMercury_0001	8207	1878.07.09_TheLeedsMercury	85387
1878.07.09_TheLeedsMercury_0002	11206	1878.07.09_TheLeedsMercury	85387
1878.07.09_TheLeedsMercury_0003	10880	1878.07.09_TheLeedsMercury	85387
1878.07.09_TheLeedsMercury_0004	9898	1878.07.09_TheLeedsMercury	85387
1878.07.09_TheLeedsMercury_0005	9892	1878.07.09_TheLeedsMercury	85387
1878.07.09_TheLeedsMercury_0006	12673	1878.07.09_TheLeedsMercury	85387
1878.07.09_TheLeedsMercury_0007	10447	1878.07.09_TheLeedsMercury	85387
1878.07.09_TheLeedsMercury_0008	12184	1878.07.09_TheLeedsMercury	85387
1878.07.09_ThePallMallGazette_0001	1597	1878.07.09_ThePallMallGazette	36296
1878.07.09_ThePallMallGazette_0002	1810	1878.07.09_ThePallMallGazette	36296
1878.07.09_ThePallMallGazette_0003	2144	1878.07.09_ThePallMallGazette	36296
1878.07.09_ThePallMallGazette_0004	2144	1878.07.09_ThePallMallGazette	36296
1878.07.09_ThePallMallGazette_0005	2482	1878.07.09_ThePallMallGazette	36296
1878.07.09_ThePallMallGazette_0006	2384	1878.07.09_ThePallMallGazette	36296
1878.07.09_ThePallMallGazette_0007	2452	1878.07.09_ThePallMallGazette	36296
1878.07.09_ThePallMallGazette_0008	2080	1878.07.09_ThePallMallGazette	36296
1878.07.09_ThePallMallGazette_0009	2953	1878.07.09_ThePallMallGazette	36296
1878.07.09_ThePallMallGazette_0010	2157	1878.07.09_ThePallMallGazette	36296
1878.07.09_ThePallMallGazette_0011	2194	1878.07.09_ThePallMallGazette	36296
1878.07.09_ThePallMallGazette_0012	2214	1878.07.09_ThePallMallGazette	36296
1878.07.09_ThePallMallGazette_0013	3352	1878.07.09_ThePallMallGazette	36296
1878.07.09_ThePallMallGazette_0014	3135	1878.07.09_ThePallMallGazette	36296
1878.07.09_ThePallMallGazette_0015	1512	1878.07.09_ThePallMallGazette	36296
1878.07.09_ThePallMallGazette_0016	1686	1878.07.09_ThePallMallGazette	36296
1878.07.09_Times_0001	11475	1878.07.09_Times	176139
1878.07.09_Times_0002	12015	1878.07.09_Times	176139
1878.07.09_Times_0003	10831	1878.07.09_Times	176139
1878.07.09_Times_0004	11859	1878.07.09_Times	176139
1878.07.09_Times_0005	8359	1878.07.09_Times	176139
1878.07.09_Times_0006	21503	1878.07.09_Times	176139
1878.07.09_Times_0007	2448	1878.07.09_Times	176139
1878.07.09_Times_0008	10492	1878.07.09_Times	176139
1878.07.09_Times_0009	7760	1878.07.09_Times	176139
1878.07.09_Times_0010	9678	1878.07.09_Times	176139
1878.07.09_Times_0011	7544	1878.07.09_Times	176139
1878.07.09_Times_0012	12301	1878.07.09_Times	176139
1878.07.09_Times_0013	15277	1878.07.09_Times	176139
1878.07.09_Times_0014	11886	1878.07.09_Times	176139
1878.07.09_Times_0015	10694	1878.07.09_Times	176139
1878.07.09_Times_0016	12017	1878.07.09_Times	176139
1878.07.09_WesternMail_0001	12822	1878.07.09_WesternMail	59705
1878.07.09_WesternMail_0002	14717	1878.07.09_WesternMail	59705
1878.07.09_WesternMail_0003	17429	1878.07.09_WesternMail	59705
1878.07.09_WesternMail_0004	14737	1878.07.09_WesternMail	59705
1878.07.10_AberdeenWeeklyJournal_0001	6534	1878.07.10_AberdeenWeeklyJournal	75881
1878.07.10_AberdeenWeeklyJournal_0002	5576	1878.07.10_AberdeenWeeklyJournal	75881
1878.07.10_AberdeenWeeklyJournal_0003	10836	1878.07.10_AberdeenWeeklyJournal	75881
1878.07.10_AberdeenWeeklyJournal_0004	10116	1878.07.10_AberdeenWeeklyJournal	75881
1878.07.10_AberdeenWeeklyJournal_0005	9882	1878.07.10_AberdeenWeeklyJournal	75881
1878.07.10_AberdeenWeeklyJournal_0006	13200	1878.07.10_AberdeenWeeklyJournal	75881
1878.07.10_AberdeenWeeklyJournal_0007	10220	1878.07.10_AberdeenWeeklyJournal	75881
1878.07.10_AberdeenWeeklyJournal_0008	9517	1878.07.10_AberdeenWeeklyJournal	75881
1878.07.10_BaneracAmserauCymru_0001	2905	1878.07.10_BaneracAmserauCymru	69977
1878.07.10_BaneracAmserauCymru_0002	4229	1878.07.10_BaneracAmserauCymru	69977
1878.07.10_BaneracAmserauCymru_0003	3336	1878.07.10_BaneracAmserauCymru	69977
1878.07.10_BaneracAmserauCymru_0004	4404	1878.07.10_BaneracAmserauCymru	69977
1878.07.10_BaneracAmserauCymru_0005	5741	1878.07.10_BaneracAmserauCymru	69977
1878.07.10_BaneracAmserauCymru_0006	4477	1878.07.10_BaneracAmserauCymru	69977
1878.07.10_BaneracAmserauCymru_0007	5204	1878.07.10_BaneracAmserauCymru	69977
1878.07.10_BaneracAmserauCymru_0008	4744	1878.07.10_BaneracAmserauCymru	69977
1878.07.10_BaneracAmserauCymru_0009	4182	1878.07.10_BaneracAmserauCymru	69977
1878.07.10_BaneracAmserauCymru_0010	4418	1878.07.10_BaneracAmserauCymru	69977
1878.07.10_BaneracAmserauCymru_0011	4478	1878.07.10_BaneracAmserauCymru	69977
1878.07.10_BaneracAmserauCymru_0012	4751	1878.07.10_BaneracAmserauCymru	69977
1878.07.10_BaneracAmserauCymru_0013	5349	1878.07.10_BaneracAmserauCymru	69977
1878.07.10_BaneracAmserauCymru_0014	4602	1878.07.10_BaneracAmserauCymru	69977
1878.07.10_BaneracAmserauCymru_0015	3723	1878.07.10_BaneracAmserauCymru	69977
1878.07.10_BaneracAmserauCymru_0016	3434	1878.07.10_BaneracAmserauCymru	69977
1878.07.10_DailyNews_0001	8339	1878.07.10_DailyNews	79584
1878.07.10_DailyNews_0002	9682	1878.07.10_DailyNews	79584
1878.07.10_DailyNews_0003	10806	1878.07.10_DailyNews	79584
1878.07.10_DailyNews_0004	9936	1878.07.10_DailyNews	79584
1878.07.10_DailyNews_0005	10142	1878.07.10_DailyNews	79584
1878.07.10_DailyNews_0006	12491	1878.07.10_DailyNews	79584
1878.07.10_DailyNews_0007	7139	1878.07.10_DailyNews	79584
1878.07.10_DailyNews_0008	11049	1878.07.10_DailyNews	79584
1878.07.10_Freeman'sJournalandDailyCommercialAdvertiser_0001	10797	1878.07.10_Freeman'sJournalandDailyCommercialAdvertiser	88997
1878.07.10_Freeman'sJournalandDailyCommercialAdvertiser_0002	12430	1878.07.10_Freeman'sJournalandDailyCommercialAdvertiser	88997
1878.07.10_Freeman'sJournalandDailyCommercialAdvertiser_0003	13382	1878.07.10_Freeman'sJournalandDailyCommercialAdvertiser	88997
1878.07.10_Freeman'sJournalandDailyCommercialAdvertiser_0004	6611	1878.07.10_Freeman'sJournalandDailyCommercialAdvertiser	88997
1878.07.10_Freeman'sJournalandDailyCommercialAdvertiser_0005	10412	1878.07.10_Freeman'sJournalandDailyCommercialAdvertiser	88997
1878.07.10_Freeman'sJournalandDailyCommercialAdvertiser_0006	12253	1878.07.10_Freeman'sJournalandDailyCommercialAdvertiser	88997
1878.07.10_Freeman'sJournalandDailyCommercialAdvertiser_0007	13128	1878.07.10_Freeman'sJournalandDailyCommercialAdvertiser	88997
1878.07.10_Freeman'sJournalandDailyCommercialAdvertiser_0008	9984	1878.07.10_Freeman'sJournalandDailyCommercialAdvertiser	88997
1878.07.10_GlasgowHerald_0001	11811	1878.07.10_GlasgowHerald	108713
1878.07.10_GlasgowHerald_0002	10715	1878.07.10_GlasgowHerald	108713
1878.07.10_GlasgowHerald_0003	16442	1878.07.10_GlasgowHerald	108713
1878.07.10_GlasgowHerald_0004	15138	1878.07.10_GlasgowHerald	108713
1878.07.10_GlasgowHerald_0005	14060	1878.07.10_GlasgowHerald	108713
1878.07.10_GlasgowHerald_0006	15326	1878.07.10_GlasgowHerald	108713
1878.07.10_GlasgowHerald_0007	11426	1878.07.10_GlasgowHerald	108713
1878.07.10_GlasgowHerald_0008	13795	1878.07.10_GlasgowHerald	108713
1878.07.10_HampshireTelegraphandSussexChronicleetc_0001	10102	1878.07.10_HampshireTelegraphandSussexChronicleetc	62147
1878.07.10_HampshireTelegraphandSussexChronicleetc_0002	14684	1878.07.10_HampshireTelegraphandSussexChronicleetc	62147
1878.07.10_HampshireTelegraphandSussexChronicleetc_0003	16792	1878.07.10_HampshireTelegraphandSussexChronicleetc	62147
1878.07.10_HampshireTelegraphandSussexChronicleetc_0004	20569	1878.07.10_HampshireTelegraphandSussexChronicleetc	62147
1878.07.10_LiverpoolMercuryetc_0001	11265	1878.07.10_LiverpoolMercuryetc	118615
1878.07.10_LiverpoolMercuryetc_0002	15672	1878.07.10_LiverpoolMercuryetc	118615
1878.07.10_LiverpoolMercuryetc_0003	15385	1878.07.10_LiverpoolMercuryetc	118615
1878.07.10_LiverpoolMercuryetc_0004	15779	1878.07.10_LiverpoolMercuryetc	118615
1878.07.10_LiverpoolMercuryetc_0005	15199	1878.07.10_LiverpoolMercuryetc	118615
1878.07.10_LiverpoolMercuryetc_0006	13304	1878.07.10_LiverpoolMercuryetc	118615
1878.07.10_LiverpoolMercuryetc_0007	15382	1878.07.10_LiverpoolMercuryetc	118615
1878.07.10_LiverpoolMercuryetc_0008	16629	1878.07.10_LiverpoolMercuryetc	118615
1878.07.10_NorthernEcho_0001	6266	1878.07.10_NorthernEcho	32804
1878.07.10_NorthernEcho_0002	8191	1878.07.10_NorthernEcho	32804
1878.07.10_NorthernEcho_0003	9092	1878.07.10_NorthernEcho	32804
1878.07.10_NorthernEcho_0004	9255	1878.07.10_NorthernEcho	32804
1878.07.10_TheDerbyMercury_0001	9155	1878.07.10_TheDerbyMercury	104142
1878.07.10_TheDerbyMercury_0002	16859	1878.07.10_TheDerbyMercury	104142
1878.07.10_TheDerbyMercury_0003	16605	1878.07.10_TheDerbyMercury	104142
1878.07.10_TheDerbyMercury_0004	6571	1878.07.10_TheDerbyMercury	104142
1878.07.10_TheDerbyMercury_0005	11482	1878.07.10_TheDerbyMercury	104142
1878.07.10_TheDerbyMercury_0006	15788	1878.07.10_TheDerbyMercury	104142
1878.07.10_TheDerbyMercury_0007	12062	1878.07.10_TheDerbyMercury	104142
1878.07.10_TheDerbyMercury_0008	15620	1878.07.10_TheDerbyMercury	104142
1878.07.10_TheLeedsMercury_0001	9080	1878.07.10_TheLeedsMercury	85541
1878.07.10_TheLeedsMercury_0002	10690	1878.07.10_TheLeedsMercury	85541
1878.07.10_TheLeedsMercury_0003	11338	1878.07.10_TheLeedsMercury	85541
1878.07.10_TheLeedsMercury_0004	9773	1878.07.10_TheLeedsMercury	85541
1878.07.10_TheLeedsMercury_0005	10072	1878.07.10_TheLeedsMercury	85541
1878.07.10_TheLeedsMercury_0006	12160	1878.07.10_TheLeedsMercury	85541
1878.07.10_TheLeedsMercury_0007	11280	1878.07.10_TheLeedsMercury	85541
1878.07.10_TheLeedsMercury_0008	11148	1878.07.10_TheLeedsMercury	85541
1878.07.10_ThePallMallGazette_0001	1651	1878.07.10_ThePallMallGazette	35721
1878.07.10_ThePallMallGazette_0002	2027	1878.07.10_ThePallMallGazette	35721
1878.07.10_ThePallMallGazette_0003	2103	1878.07.10_ThePallMallGazette	35721
1878.07.10_ThePallMallGazette_0004	2065	1878.07.10_ThePallMallGazette	35721
1878.07.10_ThePallMallGazette_0005	2666	1878.07.10_ThePallMallGazette	35721
1878.07.10_ThePallMallGazette_0006	2503	1878.07.10_ThePallMallGazette	35721
1878.07.10_ThePallMallGazette_0007	2485	1878.07.10_ThePallMallGazette	35721
1878.07.10_ThePallMallGazette_0008	2199	1878.07.10_ThePallMallGazette	35721
1878.07.10_ThePallMallGazette_0009	2956	1878.07.10_ThePallMallGazette	35721
1878.07.10_ThePallMallGazette_0010	2191	1878.07.10_ThePallMallGazette	35721
1878.07.10_ThePallMallGazette_0011	2192	1878.07.10_ThePallMallGazette	35721
1878.07.10_ThePallMallGazette_0012	2301	1878.07.10_ThePallMallGazette	35721
1878.07.10_ThePallMallGazette_0013	1423	1878.07.10_ThePallMallGazette	35721
1878.07.10_ThePallMallGazette_0014	3433	1878.07.10_ThePallMallGazette	35721
1878.07.10_ThePallMallGazette_0015	2645	1878.07.10_ThePallMallGazette	35721
1878.07.10_ThePallMallGazette_0016	881	1878.07.10_ThePallMallGazette	35721
1878.07.10_Times_0001	10261	1878.07.10_Times	174060
1878.07.10_Times_0002	10869	1878.07.10_Times	174060
1878.07.10_Times_0003	10545	1878.07.10_Times	174060
1878.07.10_Times_0004	12233	1878.07.10_Times	174060
1878.07.10_Times_0005	8447	1878.07.10_Times	174060
1878.07.10_Times_0006	9578	1878.07.10_Times	174060
1878.07.10_Times_0007	13626	1878.07.10_Times	174060
1878.07.10_Times_0008	9461	1878.07.10_Times	174060
1878.07.10_Times_0009	8394	1878.07.10_Times	174060
1878.07.10_Times_0010	9828	1878.07.10_Times	174060
1878.07.10_Times_0011	11377	1878.07.10_Times	174060
1878.07.10_Times_0012	11165	1878.07.10_Times	174060
1878.07.10_Times_0013	12094	1878.07.10_Times	174060
1878.07.10_Times_0014	12283	1878.07.10_Times	174060
1878.07.10_Times_0015	10611	1878.07.10_Times	174060
1878.07.10_Times_0016	13288	1878.07.10_Times	174060
1878.07.10_Trewman'sExeterFlyingPostorPlymouthandCornishAdvertiser_0001	9374	1878.07.10_Trewman'sExeterFlyingPostorPlymouthandCornishAdvertiser	88296
1878.07.10_Trewman'sExeterFlyingPostorPlymouthandCornishAdvertiser_0002	9363	1878.07.10_Trewman'sExeterFlyingPostorPlymouthandCornishAdvertiser	88296
1878.07.10_Trewman'sExeterFlyingPostorPlymouthandCornishAdvertiser_0003	12634	1878.07.10_Trewman'sExeterFlyingPostorPlymouthandCornishAdvertiser	88296
1878.07.10_Trewman'sExeterFlyingPostorPlymouthandCornishAdvertiser_0004	6573	1878.07.10_Trewman'sExeterFlyingPostorPlymouthandCornishAdvertiser	88296
1878.07.10_Trewman'sExeterFlyingPostorPlymouthandCornishAdvertiser_0005	11374	1878.07.10_Trewman'sExeterFlyingPostorPlymouthandCornishAdvertiser	88296
1878.07.10_Trewman'sExeterFlyingPostorPlymouthandCornishAdvertiser_0006	14276	1878.07.10_Trewman'sExeterFlyingPostorPlymouthandCornishAdvertiser	88296
1878.07.10_Trewman'sExeterFlyingPostorPlymouthandCornishAdvertiser_0007	12545	1878.07.10_Trewman'sExeterFlyingPostorPlymouthandCornishAdvertiser	88296
1878.07.10_Trewman'sExeterFlyingPostorPlymouthandCornishAdvertiser_0008	12157	1878.07.10_Trewman'sExeterFlyingPostorPlymouthandCornishAdvertiser	88296
1878.07.10_WesternMail_0001	10690	1878.07.10_WesternMail	50804
1878.07.10_WesternMail_0002	11399	1878.07.10_WesternMail	50804
1878.07.10_WesternMail_0003	15964	1878.07.10_WesternMail	50804
1878.07.10_WesternMail_0004	12751	1878.07.10_WesternMail	50804
1878.07.11_AberdeenWeeklyJournal_0001	8266	1878.07.11_AberdeenWeeklyJournal	59357
1878.07.11_AberdeenWeeklyJournal_0002	16332	1878.07.11_AberdeenWeeklyJournal	59357
1878.07.11_AberdeenWeeklyJournal_0003	17093	1878.07.11_AberdeenWeeklyJournal	59357
1878.07.11_AberdeenWeeklyJournal_0004	17666	1878.07.11_AberdeenWeeklyJournal	59357
1878.07.11_DailyNews_0001	10395	1878.07.11_DailyNews	79700
1878.07.11_DailyNews_0002	11854	1878.07.11_DailyNews	79700
1878.07.11_DailyNews_0003	6869	1878.07.11_DailyNews	79700
1878.07.11_DailyNews_0004	11094	1878.07.11_DailyNews	79700
1878.07.11_DailyNews_0005	9896	1878.07.11_DailyNews	79700
1878.07.11_DailyNews_0006	11409	1878.07.11_DailyNews	79700
1878.07.11_DailyNews_0007	7952	1878.07.11_DailyNews	79700
1878.07.11_DailyNews_0008	10231	1878.07.11_DailyNews	79700
1878.07.11_Freeman'sJournalandDailyCommercialAdvertiser_0001	10896	1878.07.11_Freeman'sJournalandDailyCommercialAdvertiser	88737
1878.07.11_Freeman'sJournalandDailyCommercialAdvertiser_0002	13694	1878.07.11_Freeman'sJournalandDailyCommercialAdvertiser	88737
1878.07.11_Freeman'sJournalandDailyCommercialAdvertiser_0003	13080	1878.07.11_Freeman'sJournalandDailyCommercialAdvertiser	88737
1878.07.11_Freeman'sJournalandDailyCommercialAdvertiser_0004	5704	1878.07.11_Freeman'sJournalandDailyCommercialAdvertiser	88737
1878.07.11_Freeman'sJournalandDailyCommercialAdvertiser_0005	10094	1878.07.11_Freeman'sJournalandDailyCommercialAdvertiser	88737
1878.07.11_Freeman'sJournalandDailyCommercialAdvertiser_0006	11435	1878.07.11_Freeman'sJournalandDailyCommercialAdvertiser	88737
1878.07.11_Freeman'sJournalandDailyCommercialAdvertiser_0007	13202	1878.07.11_Freeman'sJournalandDailyCommercialAdvertiser	88737
1878.07.11_Freeman'sJournalandDailyCommercialAdvertiser_0008	10632	1878.07.11_Freeman'sJournalandDailyCommercialAdvertiser	88737
1878.07.11_GlasgowHerald_0001	8292	1878.07.11_GlasgowHerald	79816
1878.07.11_GlasgowHerald_0002	8453	1878.07.11_GlasgowHerald	79816
1878.07.11_GlasgowHerald_0003	11398	1878.07.11_GlasgowHerald	79816
1878.07.11_GlasgowHerald_0004	8713	1878.07.11_GlasgowHerald	79816
1878.07.11_GlasgowHerald_0005	10630	1878.07.11_GlasgowHerald	79816
1878.07.11_GlasgowHerald_0006	12386	1878.07.11_GlasgowHerald	79816
1878.07.11_GlasgowHerald_0007	10680	1878.07.11_GlasgowHerald	79816
1878.07.11_GlasgowHerald_0008	9264	1878.07.11_GlasgowHerald	79816
1878.07.11_LiverpoolMercuryetc_0001	10279	1878.07.11_LiverpoolMercuryetc	106006
1878.07.11_LiverpoolMercuryetc_0002	13680	1878.07.11_LiverpoolMercuryetc	106006
1878.07.11_LiverpoolMercuryetc_0003	13993	1878.07.11_LiverpoolMercuryetc	106006
1878.07.11_LiverpoolMercuryetc_0004	13174	1878.07.11_LiverpoolMercuryetc	106006
1878.07.11_LiverpoolMercuryetc_0005	14200	1878.07.11_LiverpoolMercuryetc	106006
1878.07.11_LiverpoolMercuryetc_0006	12968	1878.07.11_LiverpoolMercuryetc	106006
1878.07.11_LiverpoolMercuryetc_0007	12895	1878.07.11_LiverpoolMercuryetc	106006
1878.07.11_LiverpoolMercuryetc_0008	14817	1878.07.11_LiverpoolMercuryetc	106006
1878.07.11_NorthernEcho_0001	7349	1878.07.11_NorthernEcho	34955
1878.07.11_NorthernEcho_0002	8491	1878.07.11_NorthernEcho	34955
1878.07.11_NorthernEcho_0003	8824	1878.07.11_NorthernEcho	34955
1878.07.11_NorthernEcho_0004	10291	1878.07.11_NorthernEcho	34955
1878.07.11_TheLeedsMercury_0001	9326	1878.07.11_TheLeedsMercury	90585
1878.07.11_TheLeedsMercury_0002	10408	1878.07.11_TheLeedsMercury	90585
1878.07.11_TheLeedsMercury_0003	12103	1878.07.11_TheLeedsMercury	90585
1878.07.11_TheLeedsMercury_0004	10537	1878.07.11_TheLeedsMercury	90585
1878.07.11_TheLeedsMercury_0005	10748	1878.07.11_TheLeedsMercury	90585
1878.07.11_TheLeedsMercury_0006	13347	1878.07.11_TheLeedsMercury	90585
1878.07.11_TheLeedsMercury_0007	12289	1878.07.11_TheLeedsMercury	90585
1878.07.11_TheLeedsMercury_0008	11827	1878.07.11_TheLeedsMercury	90585
1878.07.11_ThePallMallGazette_0001	1520	1878.07.11_ThePallMallGazette	35358
1878.07.11_ThePallMallGazette_0002	1970	1878.07.11_ThePallMallGazette	35358
1878.07.11_ThePallMallGazette_0003	2597	1878.07.11_ThePallMallGazette	35358
1878.07.11_ThePallMallGazette_0004	2117	1878.07.11_ThePallMallGazette	35358
1878.07.11_ThePallMallGazette_0005	2097	1878.07.11_ThePallMallGazette	35358
1878.07.11_ThePallMallGazette_0006	2434	1878.07.11_ThePallMallGazette	35358
1878.07.11_ThePallMallGazette_0007	2322	1878.07.11_ThePallMallGazette	35358
1878.07.11_ThePallMallGazette_0008	2290	1878.07.11_ThePallMallGazette	35358
1878.07.11_ThePallMallGazette_0009	2907	1878.07.11_ThePallMallGazette	35358
1878.07.11_ThePallMallGazette_0010	2232	1878.07.11_ThePallMallGazette	35358
1878.07.11_ThePallMallGazette_0011	2122	1878.07.11_ThePallMallGazette	35358
1878.07.11_ThePallMallGazette_0012	2180	1878.07.11_ThePallMallGazette	35358
1878.07.11_ThePallMallGazette_0013	3203	1878.07.11_ThePallMallGazette	35358
1878.07.11_ThePallMallGazette_0014	2633	1878.07.11_ThePallMallGazette	35358
1878.07.11_ThePallMallGazette_0015	1782	1878.07.11_ThePallMallGazette	35358
1878.07.11_ThePallMallGazette_0016	952	1878.07.11_ThePallMallGazette	35358
1878.07.11_Times_0001	10705	1878.07.11_Times	170269
1878.07.11_Times_0002	11247	1878.07.11_Times	170269
1878.07.11_Times_0003	10279	1878.07.11_Times	170269
1878.07.11_Times_0004	12330	1878.07.11_Times	170269
1878.07.11_Times_0005	8414	1878.07.11_Times	170269
1878.07.11_Times_0006	12542	1878.07.11_Times	170269
1878.07.11_Times_0007	9148	1878.07.11_Times	170269
1878.07.11_Times_0008	11652	1878.07.11_Times	170269
1878.07.11_Times_0009	8664	1878.07.11_Times	170269
1878.07.11_Times_0010	8838	1878.07.11_Times	170269
1878.07.11_Times_0011	9125	1878.07.11_Times	170269
1878.07.11_Times_0012	11882	1878.07.11_Times	170269
1878.07.11_Times_0013	11263	1878.07.11_Times	170269
1878.07.11_Times_0014	10241	1878.07.11_Times	170269
1878.07.11_Times_0015	10955	1878.07.11_Times	170269
1878.07.11_Times_0016	12984	1878.07.11_Times	170269
1878.07.11_WesternMail_0001	12949	1878.07.11_WesternMail	61441
1878.07.11_WesternMail_0002	15646	1878.07.11_WesternMail	61441
1878.07.11_WesternMail_0003	18223	1878.07.11_WesternMail	61441
1878.07.11_WesternMail_0004	14623	1878.07.11_WesternMail	61441
1878.07.11_YGenedlCymreig_0001	4608	1878.07.11_YGenedlCymreig	62648
1878.07.11_YGenedlCymreig_0002	5497	1878.07.11_YGenedlCymreig	62648
1878.07.11_YGenedlCymreig_0003	9124	1878.07.11_YGenedlCymreig	62648
1878.07.11_YGenedlCymreig_0004	5109	1878.07.11_YGenedlCymreig	62648
1878.07.11_YGenedlCymreig_0005	9171	1878.07.11_YGenedlCymreig	62648
1878.07.11_YGenedlCymreig_0006	9698	1878.07.11_YGenedlCymreig	62648
1878.07.11_YGenedlCymreig_0007	10176	1878.07.11_YGenedlCymreig	62648
1878.07.11_YGenedlCymreig_0008	9265	1878.07.11_YGenedlCymreig	62648
1878.07.12_AberdeenWeeklyJournal_0001	7943	1878.07.12_AberdeenWeeklyJournal	55159
1878.07.12_AberdeenWeeklyJournal_0002	13805	1878.07.12_AberdeenWeeklyJournal	55159
1878.07.12_AberdeenWeeklyJournal_0003	15943	1878.07.12_AberdeenWeeklyJournal	55159
1878.07.12_AberdeenWeeklyJournal_0004	17468	1878.07.12_AberdeenWeeklyJournal	55159
1878.07.12_DailyNews_0001	9792	1878.07.12_DailyNews	85115
1878.07.12_DailyNews_0002	12718	1878.07.12_DailyNews	85115
1878.07.12_DailyNews_0003	14133	1878.07.12_DailyNews	85115
1878.07.12_DailyNews_0004	11014	1878.07.12_DailyNews	85115
1878.07.12_DailyNews_0005	10129	1878.07.12_DailyNews	85115
1878.07.12_DailyNews_0006	8717	1878.07.12_DailyNews	85115
1878.07.12_DailyNews_0007	8388	1878.07.12_DailyNews	85115
1878.07.12_DailyNews_0008	10224	1878.07.12_DailyNews	85115
1878.07.12_Freeman'sJournalandDailyCommercialAdvertiser_0001	10406	1878.07.12_Freeman'sJournalandDailyCommercialAdvertiser	88507
1878.07.12_Freeman'sJournalandDailyCommercialAdvertiser_0002	12693	1878.07.12_Freeman'sJournalandDailyCommercialAdvertiser	88507
1878.07.12_Freeman'sJournalandDailyCommercialAdvertiser_0003	13283	1878.07.12_Freeman'sJournalandDailyCommercialAdvertiser	88507
1878.07.12_Freeman'sJournalandDailyCommercialAdvertiser_0004	7073	1878.07.12_Freeman'sJournalandDailyCommercialAdvertiser	88507
1878.07.12_Freeman'sJournalandDailyCommercialAdvertiser_0005	10630	1878.07.12_Freeman'sJournalandDailyCommercialAdvertiser	88507
1878.07.12_Freeman'sJournalandDailyCommercialAdvertiser_0006	12341	1878.07.12_Freeman'sJournalandDailyCommercialAdvertiser	88507
1878.07.12_Freeman'sJournalandDailyCommercialAdvertiser_0007	12107	1878.07.12_Freeman'sJournalandDailyCommercialAdvertiser	88507
1878.07.12_Freeman'sJournalandDailyCommercialAdvertiser_0008	9974	1878.07.12_Freeman'sJournalandDailyCommercialAdvertiser	88507
1878.07.12_GlasgowHerald_0001	14084	1878.07.12_GlasgowHerald	107011
1878.07.12_GlasgowHerald_0002	12492	1878.07.12_GlasgowHerald	107011
1878.07.12_GlasgowHerald_0003	14452	1878.07.12_GlasgowHerald	107011
1878.07.12_GlasgowHerald_0004	13205	1878.07.12_GlasgowHerald	107011
1878.07.12_GlasgowHerald_0005	13637	1878.07.12_GlasgowHerald	107011
1878.07.12_GlasgowHerald_0006	14103	1878.07.12_GlasgowHerald	107011
1878.07.12_GlasgowHerald_0007	12435	1878.07.12_GlasgowHerald	107011
1878.07.12_GlasgowHerald_0008	12603	1878.07.12_GlasgowHerald	107011
1878.07.12_LiverpoolMercuryetc_0001	13334	1878.07.12_LiverpoolMercuryetc	141341
1878.07.12_LiverpoolMercuryetc_0002	18685	1878.07.12_LiverpoolMercuryetc	141341
1878.07.12_LiverpoolMercuryetc_0003	17016	1878.07.12_LiverpoolMercuryetc	141341
1878.07.12_LiverpoolMercuryetc_0004	20472	1878.07.12_LiverpoolMercuryetc	141341
1878.07.12_LiverpoolMercuryetc_0005	19948	1878.07.12_LiverpoolMercuryetc	141341
1878.07.12_LiverpoolMercuryetc_0006	16849	1878.07.12_LiverpoolMercuryetc	141341
1878.07.12_LiverpoolMercuryetc_0007	17599	1878.07.12_LiverpoolMercuryetc	141341
1878.07.12_LiverpoolMercuryetc_0008	17438	1878.07.12_LiverpoolMercuryetc	141341
1878.07.12_NorthernEcho_0001	6347	1878.07.12_NorthernEcho	32357
1878.07.12_NorthernEcho_0002	7809	1878.07.12_NorthernEcho	32357
1878.07.12_NorthernEcho_0003	9128	1878.07.12_NorthernEcho	32357
1878.07.12_NorthernEcho_0004	9073	1878.07.12_NorthernEcho	32357
1878.07.12_TheHullPacketandEastRidingTimes_0001	7129	1878.07.12_TheHullPacketandEastRidingTimes	77364
1878.07.12_TheHullPacketandEastRidingTimes_0002	9980	1878.07.12_TheHullPacketandEastRidingTimes	77364
1878.07.12_TheHullPacketandEastRidingTimes_0003	10628	1878.07.12_TheHullPacketandEastRidingTimes	77364
1878.07.12_TheHullPacketandEastRidingTimes_0004	6884	1878.07.12_TheHullPacketandEastRidingTimes	77364
1878.07.12_TheHullPacketandEastRidingTimes_0005	10963	1878.07.12_TheHullPacketandEastRidingTimes	77364
1878.07.12_TheHullPacketandEastRidingTimes_0006	10858	1878.07.12_TheHullPacketandEastRidingTimes	77364
1878.07.12_TheHullPacketandEastRidingTimes_0007	10849	1878.07.12_TheHullPacketandEastRidingTimes	77364
1878.07.12_TheHullPacketandEastRidingTimes_0008	10073	1878.07.12_TheHullPacketandEastRidingTimes	77364
1878.07.12_TheLeedsMercury_0001	9099	1878.07.12_TheLeedsMercury	92311
1878.07.12_TheLeedsMercury_0002	13223	1878.07.12_TheLeedsMercury	92311
1878.07.12_TheLeedsMercury_0003	12508	1878.07.12_TheLeedsMercury	92311
1878.07.12_TheLeedsMercury_0004	9534	1878.07.12_TheLeedsMercury	92311
1878.07.12_TheLeedsMercury_0005	10834	1878.07.12_TheLeedsMercury	92311
1878.07.12_TheLeedsMercury_0006	12555	1878.07.12_TheLeedsMercury	92311
1878.07.12_TheLeedsMercury_0007	12266	1878.07.12_TheLeedsMercury	92311
1878.07.12_TheLeedsMercury_0008	12292	1878.07.12_TheLeedsMercury	92311
1878.07.12_TheNewcastleCourantetc_0001	9742	1878.07.12_TheNewcastleCourantetc	137741
1878.07.12_TheNewcastleCourantetc_0002	17364	1878.07.12_TheNewcastleCourantetc	137741
1878.07.12_TheNewcastleCourantetc_0003	19091	1878.07.12_TheNewcastleCourantetc	137741
1878.07.12_TheNewcastleCourantetc_0004	15333	1878.07.12_TheNewcastleCourantetc	137741
1878.07.12_TheNewcastleCourantetc_0005	18459	1878.07.12_TheNewcastleCourantetc	137741
1878.07.12_TheNewcastleCourantetc_0006	19297	1878.07.12_TheNewcastleCourantetc	137741
1878.07.12_TheNewcastleCourantetc_0007	20180	1878.07.12_TheNewcastleCourantetc	137741
1878.07.12_TheNewcastleCourantetc_0008	18275	1878.07.12_TheNewcastleCourantetc	137741
1878.07.12_ThePallMallGazette_0001	1590	1878.07.12_ThePallMallGazette	36131
1878.07.12_ThePallMallGazette_0002	2043	1878.07.12_ThePallMallGazette	36131
1878.07.12_ThePallMallGazette_0003	2678	1878.07.12_ThePallMallGazette	36131
1878.07.12_ThePallMallGazette_0004	2096	1878.07.12_ThePallMallGazette	36131
1878.07.12_ThePallMallGazette_0005	2179	1878.07.12_ThePallMallGazette	36131
1878.07.12_ThePallMallGazette_0006	2408	1878.07.12_ThePallMallGazette	36131
1878.07.12_ThePallMallGazette_0007	2408	1878.07.12_ThePallMallGazette	36131
1878.07.12_ThePallMallGazette_0008	2253	1878.07.12_ThePallMallGazette	36131
1878.07.12_ThePallMallGazette_0009	2988	1878.07.12_ThePallMallGazette	36131
1878.07.12_ThePallMallGazette_0010	2126	1878.07.12_ThePallMallGazette	36131
1878.07.12_ThePallMallGazette_0011	2216	1878.07.12_ThePallMallGazette	36131
1878.07.12_ThePallMallGazette_0012	2136	1878.07.12_ThePallMallGazette	36131
1878.07.12_ThePallMallGazette_0013	3210	1878.07.12_ThePallMallGazette	36131
1878.07.12_ThePallMallGazette_0014	2873	1878.07.12_ThePallMallGazette	36131
1878.07.12_ThePallMallGazette_0015	2032	1878.07.12_ThePallMallGazette	36131
1878.07.12_ThePallMallGazette_0016	895	1878.07.12_ThePallMallGazette	36131
1878.07.12_Times_0001	10959	1878.07.12_Times	174146
1878.07.12_Times_0002	10109	1878.07.12_Times	174146
1878.07.12_Times_0003	11100	1878.07.12_Times	174146
1878.07.12_Times_0004	11690	1878.07.12_Times	174146
1878.07.12_Times_0005	8758	1878.07.12_Times	174146
1878.07.12_Times_0006	20939	1878.07.12_Times	174146
1878.07.12_Times_0007	3163	1878.07.12_Times	174146
1878.07.12_Times_0008	9880	1878.07.12_Times	174146
1878.07.12_Times_0009	7777	1878.07.12_Times	174146
1878.07.12_Times_0010	9700	1878.07.12_Times	174146
1878.07.12_Times_0011	8943	1878.07.12_Times	174146
1878.07.12_Times_0012	11496	1878.07.12_Times	174146
1878.07.12_Times_0013	14144	1878.07.12_Times	174146
1878.07.12_Times_0014	10991	1878.07.12_Times	174146
1878.07.12_Times_0015	12544	1878.07.12_Times	174146
1878.07.12_Times_0016	11953	1878.07.12_Times	174146
1878.07.12_WesternMail_0001	9815	1878.07.12_WesternMail	47843
1878.07.12_WesternMail_0002	10800	1878.07.12_WesternMail	47843
1878.07.12_WesternMail_0003	15255	1878.07.12_WesternMail	47843
1878.07.12_WesternMail_0004	11973	1878.07.12_WesternMail	47843
1878.07.13_AberdeenWeeklyJournal_0001	6053	1878.07.13_AberdeenWeeklyJournal	78028
1878.07.13_AberdeenWeeklyJournal_0002	6738	1878.07.13_AberdeenWeeklyJournal	78028
1878.07.13_AberdeenWeeklyJournal_0003	10666	1878.07.13_AberdeenWeeklyJournal	78028
1878.07.13_AberdeenWeeklyJournal_0004	9847	1878.07.13_AberdeenWeeklyJournal	78028
1878.07.13_AberdeenWeeklyJournal_0005	10975	1878.07.13_AberdeenWeeklyJournal	78028
1878.07.13_AberdeenWeeklyJournal_0006	11652	1878.07.13_AberdeenWeeklyJournal	78028
1878.07.13_AberdeenWeeklyJournal_0007	10860	1878.07.13_AberdeenWeeklyJournal	78028
1878.07.13_AberdeenWeeklyJournal_0008	11237	1878.07.13_AberdeenWeeklyJournal	78028
1878.07.13_BaneracAmserauCymru_0001	2513	1878.07.13_BaneracAmserauCymru	32851
1878.07.13_BaneracAmserauCymru_0002	4205	1878.07.13_BaneracAmserauCymru	32851
1878.07.13_BaneracAmserauCymru_0003	4729	1878.07.13_BaneracAmserauCymru	32851
1878.07.13_BaneracAmserauCymru_0004	4554	1878.07.13_BaneracAmserauCymru	32851
1878.07.13_BaneracAmserauCymru_0005	4646	1878.07.13_BaneracAmserauCymru	32851
1878.07.13_BaneracAmserauCymru_0006	4484	1878.07.13_BaneracAmserauCymru	32851
1878.07.13_BaneracAmserauCymru_0007	4364	1878.07.13_BaneracAmserauCymru	32851
1878.07.13_BaneracAmserauCymru_0008	3356	1878.07.13_BaneracAmserauCymru	32851
1878.07.13_DailyNews_0001	9939	1878.07.13_DailyNews	88038
1878.07.13_DailyNews_0002	12979	1878.07.13_DailyNews	88038
1878.07.13_DailyNews_0003	12687	1878.07.13_DailyNews	88038
1878.07.13_DailyNews_0004	9923	1878.07.13_DailyNews	88038
1878.07.13_DailyNews_0005	10382	1878.07.13_DailyNews	88038
1878.07.13_DailyNews_0006	12142	1878.07.13_DailyNews	88038
1878.07.13_DailyNews_0007	8076	1878.07.13_DailyNews	88038
1878.07.13_DailyNews_0008	11910	1878.07.13_DailyNews	88038
1878.07.13_Freeman'sJournalandDailyCommercialAdvertiser_0001	10482	1878.07.13_Freeman'sJournalandDailyCommercialAdvertiser	83201
1878.07.13_Freeman'sJournalandDailyCommercialAdvertiser_0002	11829	1878.07.13_Freeman'sJournalandDailyCommercialAdvertiser	83201
1878.07.13_Freeman'sJournalandDailyCommercialAdvertiser_0003	12667	1878.07.13_Freeman'sJournalandDailyCommercialAdvertiser	83201
1878.07.13_Freeman'sJournalandDailyCommercialAdvertiser_0004	4340	1878.07.13_Freeman'sJournalandDailyCommercialAdvertiser	83201
1878.07.13_Freeman'sJournalandDailyCommercialAdvertiser_0005	9080	1878.07.13_Freeman'sJournalandDailyCommercialAdvertiser	83201
1878.07.13_Freeman'sJournalandDailyCommercialAdvertiser_0006	11865	1878.07.13_Freeman'sJournalandDailyCommercialAdvertiser	83201
1878.07.13_Freeman'sJournalandDailyCommercialAdvertiser_0007	12492	1878.07.13_Freeman'sJournalandDailyCommercialAdvertiser	83201
1878.07.13_Freeman'sJournalandDailyCommercialAdvertiser_0008	10446	1878.07.13_Freeman'sJournalandDailyCommercialAdvertiser	83201
1878.07.13_GlasgowHerald_0001	10704	1878.07.13_GlasgowHerald	94871
1878.07.13_GlasgowHerald_0002	11282	1878.07.13_GlasgowHerald	94871
1878.07.13_GlasgowHerald_0003	11924	1878.07.13_GlasgowHerald	94871
1878.07.13_GlasgowHerald_0004	10630	1878.07.13_GlasgowHerald	94871
1878.07.13_GlasgowHerald_0005	12701	1878.07.13_GlasgowHerald	94871
1878.07.13_GlasgowHerald_0006	13109	1878.07.13_GlasgowHerald	94871
1878.07.13_GlasgowHerald_0007	12843	1878.07.13_GlasgowHerald	94871
1878.07.13_GlasgowHerald_0008	11678	1878.07.13_GlasgowHerald	94871
1878.07.13_HampshireTelegraphandSussexChronicleetc_0001	11030	1878.07.13_HampshireTelegraphandSussexChronicleetc	110473
1878.07.13_HampshireTelegraphandSussexChronicleetc_0002	13015	1878.07.13_HampshireTelegraphandSussexChronicleetc	110473
1878.07.13_HampshireTelegraphandSussexChronicleetc_0003	17444	1878.07.13_HampshireTelegraphandSussexChronicleetc	110473
1878.07.13_HampshireTelegraphandSussexChronicleetc_0004	9933	1878.07.13_HampshireTelegraphandSussexChronicleetc	110473
1878.07.13_HampshireTelegraphandSussexChronicleetc_0005	13778	1878.07.13_HampshireTelegraphandSussexChronicleetc	110473
1878.07.13_HampshireTelegraphandSussexChronicleetc_0006	13117	1878.07.13_HampshireTelegraphandSussexChronicleetc	110473
1878.07.13_HampshireTelegraphandSussexChronicleetc_0007	14624	1878.07.13_HampshireTelegraphandSussexChronicleetc	110473
1878.07.13_HampshireTelegraphandSussexChronicleetc_0008	17532	1878.07.13_HampshireTelegraphandSussexChronicleetc	110473
1878.07.13_Jackson'sOxfordJournal_0001	3912	1878.07.13_Jackson'sOxfordJournal	71341
1878.07.13_Jackson'sOxfordJournal_0002	5714	1878.07.13_Jackson'sOxfordJournal	71341
1878.07.13_Jackson'sOxfordJournal_0003	6559	1878.07.13_Jackson'sOxfordJournal	71341
1878.07.13_Jackson'sOxfordJournal_0004	7381	1878.07.13_Jackson'sOxfordJournal	71341
1878.07.13_Jackson'sOxfordJournal_0005	10413	1878.07.13_Jackson'sOxfordJournal	71341
1878.07.13_Jackson'sOxfordJournal_0006	13581	1878.07.13_Jackson'sOxfordJournal	71341
1878.07.13_Jackson'sOxfordJournal_0007	11868	1878.07.13_Jackson'sOxfordJournal	71341
1878.07.13_Jackson'sOxfordJournal_0008	11913	1878.07.13_Jackson'sOxfordJournal	71341
1878.07.13_LiverpoolMercuryetc_0001	11903	1878.07.13_LiverpoolMercuryetc	118677
1878.07.13_LiverpoolMercuryetc_0002	16164	1878.07.13_LiverpoolMercuryetc	118677
1878.07.13_LiverpoolMercuryetc_0003	16171	1878.07.13_LiverpoolMercuryetc	118677
1878.07.13_LiverpoolMercuryetc_0004	16503	1878.07.13_LiverpoolMercuryetc	118677
1878.07.13_LiverpoolMercuryetc_0005	15421	1878.07.13_LiverpoolMercuryetc	118677
1878.07.13_LiverpoolMercuryetc_0006	13730	1878.07.13_LiverpoolMercuryetc	118677
1878.07.13_LiverpoolMercuryetc_0007	13792	1878.07.13_LiverpoolMercuryetc	118677
1878.07.13_LiverpoolMercuryetc_0008	14993	1878.07.13_LiverpoolMercuryetc	118677
1878.07.13_NorthernEcho_0001	6589	1878.07.13_NorthernEcho	31617
1878.07.13_NorthernEcho_0002	7222	1878.07.13_NorthernEcho	31617
1878.07.13_NorthernEcho_0003	8695	1878.07.13_NorthernEcho	31617
1878.07.13_NorthernEcho_0004	9111	1878.07.13_NorthernEcho	31617
1878.07.13_TheExaminer_0001	1162	1878.07.13_TheExaminer	46452
1878.07.13_TheExaminer_0002	1474	1878.07.13_TheExaminer	46452
1878.07.13_TheExaminer_0003	1482	1878.07.13_TheExaminer	46452
1878.07.13_TheExaminer_0004	1463	1878.07.13_TheExaminer	46452
1878.07.13_TheExaminer_0005	1479	1878.07.13_TheExaminer	46452
1878.07.13_TheExaminer_0006	1513	1878.07.13_TheExaminer	46452
1878.07.13_TheExaminer_0007	1471	1878.07.13_TheExaminer	46452
1878.07.13_TheExaminer_0008	1468	1878.07.13_TheExaminer	46452
1878.07.13_TheExaminer_0009	1508	1878.07.13_TheExaminer	46452
1878.07.13_TheExaminer_0010	1541	1878.07.13_TheExaminer	46452
1878.07.13_TheExaminer_0011	1489	1878.07.13_TheExaminer	46452
1878.07.13_TheExaminer_0012	1531	1878.07.13_TheExaminer	46452
1878.07.13_TheExaminer_0013	1523	1878.07.13_TheExaminer	46452
1878.07.13_TheExaminer_0014	1540	1878.07.13_TheExaminer	46452
1878.07.13_TheExaminer_0015	1641	1878.07.13_TheExaminer	46452
1878.07.13_TheExaminer_0016	1500	1878.07.13_TheExaminer	46452
1878.07.13_TheExaminer_0017	1673	1878.07.13_TheExaminer	46452
1878.07.13_TheExaminer_0018	1470	1878.07.13_TheExaminer	46452
1878.07.13_TheExaminer_0019	1452	1878.07.13_TheExaminer	46452
1878.07.13_TheExaminer_0020	1551	1878.07.13_TheExaminer	46452
1878.07.13_TheExaminer_0021	1528	1878.07.13_TheExaminer	46452
1878.07.13_TheExaminer_0022	1520	1878.07.13_TheExaminer	46452
1878.07.13_TheExaminer_0023	1421	1878.07.13_TheExaminer	46452
1878.07.13_TheExaminer_0024	1543	1878.07.13_TheExaminer	46452
1878.07.13_TheExaminer_0025	1561	1878.07.13_TheExaminer	46452
1878.07.13_TheExaminer_0026	1574	1878.07.13_TheExaminer	46452
1878.07.13_TheExaminer_0027	1504	1878.07.13_TheExaminer	46452
1878.07.13_TheExaminer_0028	1209	1878.07.13_TheExaminer	46452
1878.07.13_TheExaminer_0029	1259	1878.07.13_TheExaminer	46452
1878.07.13_TheExaminer_0030	1124	1878.07.13_TheExaminer	46452
1878.07.13_TheExaminer_0031	1194	1878.07.13_TheExaminer	46452
1878.07.13_TheExaminer_0032	1084	1878.07.13_TheExaminer	46452
1878.07.13_TheGraphic_0001	27	1878.07.13_TheGraphic	51651
1878.07.13_TheGraphic_0002	2623	1878.07.13_TheGraphic	51651
1878.07.13_TheGraphic_0003	3285	1878.07.13_TheGraphic	51651
1878.07.13_TheGraphic_0004	28	1878.07.13_TheGraphic	51651
1878.07.13_TheGraphic_0005	59	1878.07.13_TheGraphic	51651
1878.07.13_TheGraphic_0006	3719	1878.07.13_TheGraphic	51651
1878.07.13_TheGraphic_0007	3580	1878.07.13_TheGraphic	51651
1878.07.13_TheGraphic_0008	31	1878.07.13_TheGraphic	51651
1878.07.13_TheGraphic_0009	3491	1878.07.13_TheGraphic	51651
1878.07.13_TheGraphic_0010	3510	1878.07.13_TheGraphic	51651
1878.07.13_TheGraphic_0011	1620	1878.07.13_TheGraphic	51651
1878.07.13_TheGraphic_0012	1565	1878.07.13_TheGraphic	51651
1878.07.13_TheGraphic_0013	3898	1878.07.13_TheGraphic	51651
1878.07.13_TheGraphic_0014	3441	1878.07.13_TheGraphic	51651
1878.07.13_TheGraphic_0015	14	1878.07.13_TheGraphic	51651
1878.07.13_TheGraphic_0016	3803	1878.07.13_TheGraphic	51651
1878.07.13_TheGraphic_0017	3822	1878.07.13_TheGraphic	51651
1878.07.13_TheGraphic_0018	11	1878.07.13_TheGraphic	51651
1878.07.13_TheGraphic_0019	38	1878.07.13_TheGraphic	51651
1878.07.13_TheGraphic_0020	4960	1878.07.13_TheGraphic	51651
1878.07.13_TheGraphic_0021	3447	1878.07.13_TheGraphic	51651
1878.07.13_TheGraphic_0022	4679	1878.07.13_TheGraphic	51651
1878.07.13_TheIllustratedPoliceNewsetc_0001	163	1878.07.13_TheIllustratedPoliceNewsetc	33346
1878.07.13_TheIllustratedPoliceNewsetc_0002	10694	1878.07.13_TheIllustratedPoliceNewsetc	33346
1878.07.13_TheIllustratedPoliceNewsetc_0003	12000	1878.07.13_TheIllustratedPoliceNewsetc	33346
1878.07.13_TheIllustratedPoliceNewsetc_0004	10489	1878.07.13_TheIllustratedPoliceNewsetc	33346
1878.07.13_TheIpswichJournal_0001	1723	1878.07.13_TheIpswichJournal	63710
1878.07.13_TheIpswichJournal_0002	4316	1878.07.13_TheIpswichJournal	63710
1878.07.13_TheIpswichJournal_0003	8159	1878.07.13_TheIpswichJournal	63710
1878.07.13_TheIpswichJournal_0004	6579	1878.07.13_TheIpswichJournal	63710
1878.07.13_TheIpswichJournal_0005	11019	1878.07.13_TheIpswichJournal	63710
1878.07.13_TheIpswichJournal_0006	9325	1878.07.13_TheIpswichJournal	63710
1878.07.13_TheIpswichJournal_0007	11592	1878.07.13_TheIpswichJournal	63710
1878.07.13_TheIpswichJournal_0008	10997	1878.07.13_TheIpswichJournal	63710
1878.07.13_TheLeedsMercury_0001	9904	1878.07.13_TheLeedsMercury	145575
1878.07.13_TheLeedsMercury_0002	12632	1878.07.13_TheLeedsMercury	145575
1878.07.13_TheLeedsMercury_0003	12396	1878.07.13_TheLeedsMercury	145575
1878.07.13_TheLeedsMercury_0004	14220	1878.07.13_TheLeedsMercury	145575
1878.07.13_TheLeedsMercury_0005	15071	1878.07.13_TheLeedsMercury	145575
1878.07.13_TheLeedsMercury_0006	12097	1878.07.13_TheLeedsMercury	145575
1878.07.13_TheLeedsMercury_0007	9722	1878.07.13_TheLeedsMercury	145575
1878.07.13_TheLeedsMercury_0008	11056	1878.07.13_TheLeedsMercury	145575
1878.07.13_TheLeedsMercury_0009	11690	1878.07.13_TheLeedsMercury	145575
1878.07.13_TheLeedsMercury_0010	11933	1878.07.13_TheLeedsMercury	145575
1878.07.13_TheLeedsMercury_0011	12598	1878.07.13_TheLeedsMercury	145575
1878.07.13_TheLeedsMercury_0012	12256	1878.07.13_TheLeedsMercury	145575
1878.07.13_ThePallMallGazette_0001	1580	1878.07.13_ThePallMallGazette	37953
1878.07.13_ThePallMallGazette_0002	2078	1878.07.13_ThePallMallGazette	37953
1878.07.13_ThePallMallGazette_0003	2111	1878.07.13_ThePallMallGazette	37953
1878.07.13_ThePallMallGazette_0004	2129	1878.07.13_ThePallMallGazette	37953
1878.07.13_ThePallMallGazette_0005	2608	1878.07.13_ThePallMallGazette	37953
1878.07.13_ThePallMallGazette_0006	2410	1878.07.13_ThePallMallGazette	37953
1878.07.13_ThePallMallGazette_0007	2712	1878.07.13_ThePallMallGazette	37953
1878.07.13_ThePallMallGazette_0008	2387	1878.07.13_ThePallMallGazette	37953
1878.07.13_ThePallMallGazette_0009	2979	1878.07.13_ThePallMallGazette	37953
1878.07.13_ThePallMallGazette_0010	2049	1878.07.13_ThePallMallGazette	37953
1878.07.13_ThePallMallGazette_0011	2118	1878.07.13_ThePallMallGazette	37953
1878.07.13_ThePallMallGazette_0012	2464	1878.07.13_ThePallMallGazette	37953
1878.07.13_ThePallMallGazette_0013	2208	1878.07.13_ThePallMallGazette	37953
1878.07.13_ThePallMallGazette_0014	4162	1878.07.13_ThePallMallGazette	37953
1878.07.13_ThePallMallGazette_0015	2995	1878.07.13_ThePallMallGazette	37953
1878.07.13_ThePallMallGazette_0016	963	1878.07.13_ThePallMallGazette	37953
1878.07.13_Times_0001	10913	1878.07.13_Times	223658
1878.07.13_Times_0002	10652	1878.07.13_Times	223658
1878.07.13_Times_0003	9911	1878.07.13_Times	223658
1878.07.13_Times_0004	12317	1878.07.13_Times	223658
1878.07.13_Times_0005	11029	1878.07.13_Times	223658
1878.07.13_Times_0006	11300	1878.07.13_Times	223658
1878.07.13_Times_0007	8942	1878.07.13_Times	223658
1878.07.13_Times_0008	17887	1878.07.13_Times	223658
1878.07.13_Times_0009	5121	1878.07.13_Times	223658
1878.07.13_Times_0010	10991	1878.07.13_Times	223658
1878.07.13_Times_0011	8197	1878.07.13_Times	223658
1878.07.13_Times_0012	9401	1878.07.13_Times	223658
1878.07.13_Times_0013	9301	1878.07.13_Times	223658
1878.07.13_Times_0014	10429	1878.07.13_Times	223658
1878.07.13_Times_0015	11950	1878.07.13_Times	223658
1878.07.13_Times_0016	11576	1878.07.13_Times	223658
1878.07.13_Times_0017	13546	1878.07.13_Times	223658
1878.07.13_Times_0018	14423	1878.07.13_Times	223658
1878.07.13_Times_0019	12740	1878.07.13_Times	223658
1878.07.13_Times_0020	13032	1878.07.13_Times	223658
1878.07.13_WesternMail_0001	12345	1878.07.13_WesternMail	58221
1878.07.13_WesternMail_0002	13655	1878.07.13_WesternMail	58221
1878.07.13_WesternMail_0003	18074	1878.07.13_WesternMail	58221
1878.07.13_WesternMail_0004	14147	1878.07.13_WesternMail	58221
1878.07.13_YGoleuad_0001	1265	1878.07.13_YGoleuad	41242
1878.07.13_YGoleuad_0002	2037	1878.07.13_YGoleuad	41242
1878.07.13_YGoleuad_0003	2121	1878.07.13_YGoleuad	41242
1878.07.13_YGoleuad_0004	3201	1878.07.13_YGoleuad	41242
1878.07.13_YGoleuad_0005	3158	1878.07.13_YGoleuad	41242
1878.07.13_YGoleuad_0006	3271	1878.07.13_YGoleuad	41242
1878.07.13_YGoleuad_0007	3252	1878.07.13_YGoleuad	41242
1878.07.13_YGoleuad_0008	2281	1878.07.13_YGoleuad	41242
1878.07.13_YGoleuad_0009	2398	1878.07.13_YGoleuad	41242
1878.07.13_YGoleuad_0010	2828	1878.07.13_YGoleuad	41242
1878.07.13_YGoleuad_0011	3037	1878.07.13_YGoleuad	41242
1878.07.13_YGoleuad_0012	2997	1878.07.13_YGoleuad	41242
1878.07.13_YGoleuad_0013	2905	1878.07.13_YGoleuad	41242
1878.07.13_YGoleuad_0014	2742	1878.07.13_YGoleuad	41242
1878.07.13_YGoleuad_0015	2299	1878.07.13_YGoleuad	41242
1878.07.13_YGoleuad_0016	1450	1878.07.13_YGoleuad	41242
1878.07.14_Lloyd'sWeeklyNewspaper_0001	6404	1878.07.14_Lloyd'sWeeklyNewspaper	82837
1878.07.14_Lloyd'sWeeklyNewspaper_0002	6978	1878.07.14_Lloyd'sWeeklyNewspaper	82837
1878.07.14_Lloyd'sWeeklyNewspaper_0003	7694	1878.07.14_Lloyd'sWeeklyNewspaper	82837
1878.07.14_Lloyd'sWeeklyNewspaper_0004	7745	1878.07.14_Lloyd'sWeeklyNewspaper	82837
1878.07.14_Lloyd'sWeeklyNewspaper_0005	7260	1878.07.14_Lloyd'sWeeklyNewspaper	82837
1878.07.14_Lloyd'sWeeklyNewspaper_0006	5176	1878.07.14_Lloyd'sWeeklyNewspaper	82837
1878.07.14_Lloyd'sWeeklyNewspaper_0007	7244	1878.07.14_Lloyd'sWeeklyNewspaper	82837
1878.07.14_Lloyd'sWeeklyNewspaper_0008	7112	1878.07.14_Lloyd'sWeeklyNewspaper	82837
1878.07.14_Lloyd'sWeeklyNewspaper_0009	5603	1878.07.14_Lloyd'sWeeklyNewspaper	82837
1878.07.14_Lloyd'sWeeklyNewspaper_0010	5855	1878.07.14_Lloyd'sWeeklyNewspaper	82837
1878.07.14_Lloyd'sWeeklyNewspaper_0011	7704	1878.07.14_Lloyd'sWeeklyNewspaper	82837
1878.07.14_Lloyd'sWeeklyNewspaper_0012	8062	1878.07.14_Lloyd'sWeeklyNewspaper	82837
1878.07.14_Reynolds'sNewspaper_0001	8967	1878.07.14_Reynolds'sNewspaper	82092
1878.07.14_Reynolds'sNewspaper_0002	10350	1878.07.14_Reynolds'sNewspaper	82092
1878.07.14_Reynolds'sNewspaper_0003	10053	1878.07.14_Reynolds'sNewspaper	82092
1878.07.14_Reynolds'sNewspaper_0004	10882	1878.07.14_Reynolds'sNewspaper	82092
1878.07.14_Reynolds'sNewspaper_0005	10952	1878.07.14_Reynolds'sNewspaper	82092
1878.07.14_Reynolds'sNewspaper_0006	11178	1878.07.14_Reynolds'sNewspaper	82092
1878.07.14_Reynolds'sNewspaper_0007	9383	1878.07.14_Reynolds'sNewspaper	82092
1878.07.14_Reynolds'sNewspaper_0008	10327	1878.07.14_Reynolds'sNewspaper	82092
1878.07.14_TheEra_0001	3218	1878.07.14_TheEra	113343
1878.07.14_TheEra_0002	5677	1878.07.14_TheEra	113343
1878.07.14_TheEra_0003	5812	1878.07.14_TheEra	113343
1878.07.14_TheEra_0004	6648	1878.07.14_TheEra	113343
1878.07.14_TheEra_0005	7398	1878.07.14_TheEra	113343
1878.07.14_TheEra_0006	6420	1878.07.14_TheEra	113343
1878.07.14_TheEra_0007	6197	1878.07.14_TheEra	113343
1878.07.14_TheEra_0008	5856	1878.07.14_TheEra	113343
1878.07.14_TheEra_0009	5939	1878.07.14_TheEra	113343
1878.07.14_TheEra_0010	5864	1878.07.14_TheEra	113343
1878.07.14_TheEra_0011	5946	1878.07.14_TheEra	113343
1878.07.14_TheEra_0012	6790	1878.07.14_TheEra	113343
1878.07.14_TheEra_0013	6702	1878.07.14_TheEra	113343
1878.07.14_TheEra_0014	6103	1878.07.14_TheEra	113343
1878.07.14_TheEra_0015	4622	1878.07.14_TheEra	113343
1878.07.14_TheEra_0016	4705	1878.07.14_TheEra	113343
1878.07.14_TheEra_0017	4437	1878.07.14_TheEra	113343
1878.07.14_TheEra_0018	5376	1878.07.14_TheEra	113343
1878.07.14_TheEra_0019	5121	1878.07.14_TheEra	113343
1878.07.14_TheEra_0020	4512	1878.07.14_TheEra	113343
1878.07.15_AberdeenWeeklyJournal_0001	9090	1878.07.15_AberdeenWeeklyJournal	56341
1878.07.15_AberdeenWeeklyJournal_0002	15579	1878.07.15_AberdeenWeeklyJournal	56341
1878.07.15_AberdeenWeeklyJournal_0003	17673	1878.07.15_AberdeenWeeklyJournal	56341
1878.07.15_AberdeenWeeklyJournal_0004	13999	1878.07.15_AberdeenWeeklyJournal	56341
1878.07.15_DailyNews_0001	11898	1878.07.15_DailyNews	93720
1878.07.15_DailyNews_0002	13195	1878.07.15_DailyNews	93720
1878.07.15_DailyNews_0003	13492	1878.07.15_DailyNews	93720
1878.07.15_DailyNews_0004	10488	1878.07.15_DailyNews	93720
1878.07.15_DailyNews_0005	9121	1878.07.15_DailyNews	93720
1878.07.15_DailyNews_0006	13741	1878.07.15_DailyNews	93720
1878.07.15_DailyNews_0007	7517	1878.07.15_DailyNews	93720
1878.07.15_DailyNews_0008	14268	1878.07.15_DailyNews	93720
1878.07.15_Freeman'sJournalandDailyCommercialAdvertiser_0001	10349	1878.07.15_Freeman'sJournalandDailyCommercialAdvertiser	87815
1878.07.15_Freeman'sJournalandDailyCommercialAdvertiser_0002	12956	1878.07.15_Freeman'sJournalandDailyCommercialAdvertiser	87815
1878.07.15_Freeman'sJournalandDailyCommercialAdvertiser_0003	12861	1878.07.15_Freeman'sJournalandDailyCommercialAdvertiser	87815
1878.07.15_Freeman'sJournalandDailyCommercialAdvertiser_0004	7102	1878.07.15_Freeman'sJournalandDailyCommercialAdvertiser	87815
1878.07.15_Freeman'sJournalandDailyCommercialAdvertiser_0005	9662	1878.07.15_Freeman'sJournalandDailyCommercialAdvertiser	87815
1878.07.15_Freeman'sJournalandDailyCommercialAdvertiser_0006	10606	1878.07.15_Freeman'sJournalandDailyCommercialAdvertiser	87815
1878.07.15_Freeman'sJournalandDailyCommercialAdvertiser_0007	12956	1878.07.15_Freeman'sJournalandDailyCommercialAdvertiser	87815
1878.07.15_Freeman'sJournalandDailyCommercialAdvertiser_0008	11323	1878.07.15_Freeman'sJournalandDailyCommercialAdvertiser	87815
1878.07.15_GlasgowHerald_0001	12615	1878.07.15_GlasgowHerald	104029
1878.07.15_GlasgowHerald_0002	14755	1878.07.15_GlasgowHerald	104029
1878.07.15_GlasgowHerald_0003	16323	1878.07.15_GlasgowHerald	104029
1878.07.15_GlasgowHerald_0004	13546	1878.07.15_GlasgowHerald	104029
1878.07.15_GlasgowHerald_0005	13435	1878.07.15_GlasgowHerald	104029
1878.07.15_GlasgowHerald_0006	12709	1878.07.15_GlasgowHerald	104029
1878.07.15_GlasgowHerald_0007	9125	1878.07.15_GlasgowHerald	104029
1878.07.15_GlasgowHerald_0008	11521	1878.07.15_GlasgowHerald	104029
1878.07.15_LiverpoolMercuryetc_0001	12175	1878.07.15_LiverpoolMercuryetc	117585
1878.07.15_LiverpoolMercuryetc_0002	15375	1878.07.15_LiverpoolMercuryetc	117585
1878.07.15_LiverpoolMercuryetc_0003	14893	1878.07.15_LiverpoolMercuryetc	117585
1878.07.15_LiverpoolMercuryetc_0004	15576	1878.07.15_LiverpoolMercuryetc	117585
1878.07.15_LiverpoolMercuryetc_0005	15718	1878.07.15_LiverpoolMercuryetc	117585
1878.07.15_LiverpoolMercuryetc_0006	14392	1878.07.15_LiverpoolMercuryetc	117585
1878.07.15_LiverpoolMercuryetc_0007	14346	1878.07.15_LiverpoolMercuryetc	117585
1878.07.15_LiverpoolMercuryetc_0008	15110	1878.07.15_LiverpoolMercuryetc	117585
1878.07.15_NorthernEcho_0001	6369	1878.07.15_NorthernEcho	33375
1878.07.15_NorthernEcho_0002	8587	1878.07.15_NorthernEcho	33375
1878.07.15_NorthernEcho_0003	8740	1878.07.15_NorthernEcho	33375
1878.07.15_NorthernEcho_0004	9679	1878.07.15_NorthernEcho	33375
1878.07.15_TheLeedsMercury_0001	10764	1878.07.15_TheLeedsMercury	44788
1878.07.15_TheLeedsMercury_0002	10669	1878.07.15_TheLeedsMercury	44788
1878.07.15_TheLeedsMercury_0003	11590	1878.07.15_TheLeedsMercury	44788
1878.07.15_TheLeedsMercury_0004	11765	1878.07.15_TheLeedsMercury	44788
1878.07.15_ThePallMallGazette_0001	1481	1878.07.15_ThePallMallGazette	36228
1878.07.15_ThePallMallGazette_0002	1875	1878.07.15_ThePallMallGazette	36228
1878.07.15_ThePallMallGazette_0003	2145	1878.07.15_ThePallMallGazette	36228
1878.07.15_ThePallMallGazette_0004	2160	1878.07.15_ThePallMallGazette	36228
1878.07.15_ThePallMallGazette_0005	2549	1878.07.15_ThePallMallGazette	36228
1878.07.15_ThePallMallGazette_0006	2359	1878.07.15_ThePallMallGazette	36228
1878.07.15_ThePallMallGazette_0007	2395	1878.07.15_ThePallMallGazette	36228
1878.07.15_ThePallMallGazette_0008	2056	1878.07.15_ThePallMallGazette	36228
1878.07.15_ThePallMallGazette_0009	3138	1878.07.15_ThePallMallGazette	36228
1878.07.15_ThePallMallGazette_0010	2101	1878.07.15_ThePallMallGazette	36228
1878.07.15_ThePallMallGazette_0011	2322	1878.07.15_ThePallMallGazette	36228
1878.07.15_ThePallMallGazette_0012	2250	1878.07.15_ThePallMallGazette	36228
1878.07.15_ThePallMallGazette_0013	3320	1878.07.15_ThePallMallGazette	36228
1878.07.15_ThePallMallGazette_0014	1958	1878.07.15_ThePallMallGazette	36228
1878.07.15_ThePallMallGazette_0015	2139	1878.07.15_ThePallMallGazette	36228
1878.07.15_ThePallMallGazette_0016	1980	1878.07.15_ThePallMallGazette	36228
1878.07.15_Times_0001	11616	1878.07.15_Times	168839
1878.07.15_Times_0002	11041	1878.07.15_Times	168839
1878.07.15_Times_0003	9900	1878.07.15_Times	168839
1878.07.15_Times_0004	11614	1878.07.15_Times	168839
1878.07.15_Times_0005	7634	1878.07.15_Times	168839
1878.07.15_Times_0006	10565	1878.07.15_Times	168839
1878.07.15_Times_0007	11172	1878.07.15_Times	168839
1878.07.15_Times_0008	10314	1878.07.15_Times	168839
1878.07.15_Times_0009	15544	1878.07.15_Times	168839
1878.07.15_Times_0010	1518	1878.07.15_Times	168839
1878.07.15_Times_0011	10474	1878.07.15_Times	168839
1878.07.15_Times_0012	9662	1878.07.15_Times	168839
1878.07.15_Times_0013	11697	1878.07.15_Times	168839
1878.07.15_Times_0014	11653	1878.07.15_Times	168839
1878.07.15_Times_0015	11013	1878.07.15_Times	168839
1878.07.15_Times_0016	13422	1878.07.15_Times	168839
1878.07.15_WesternMail_0001	13838	1878.07.15_WesternMail	59228
1878.07.15_WesternMail_0002	12773	1878.07.15_WesternMail	59228
1878.07.15_WesternMail_0003	18240	1878.07.15_WesternMail	59228
1878.07.15_WesternMail_0004	14377	1878.07.15_WesternMail	59228
1878.07.16_AberdeenWeeklyJournal_0001	5404	1878.07.16_AberdeenWeeklyJournal	78961
1878.07.16_AberdeenWeeklyJournal_0002	6650	1878.07.16_AberdeenWeeklyJournal	78961
1878.07.16_AberdeenWeeklyJournal_0003	11879	1878.07.16_AberdeenWeeklyJournal	78961
1878.07.16_AberdeenWeeklyJournal_0004	9588	1878.07.16_AberdeenWeeklyJournal	78961
1878.07.16_AberdeenWeeklyJournal_0005	12523	1878.07.16_AberdeenWeeklyJournal	78961
1878.07.16_AberdeenWeeklyJournal_0006	12704	1878.07.16_AberdeenWeeklyJournal	78961
1878.07.16_AberdeenWeeklyJournal_0007	10312	1878.07.16_AberdeenWeeklyJournal	78961
1878.07.16_AberdeenWeeklyJournal_0008	9901	1878.07.16_AberdeenWeeklyJournal	78961
1878.07.16_DailyNews_0001	10704	1878.07.16_DailyNews	95052
1878.07.16_DailyNews_0002	14173	1878.07.16_DailyNews	95052
1878.07.16_DailyNews_0003	15100	1878.07.16_DailyNews	95052
1878.07.16_DailyNews_0004	11862	1878.07.16_DailyNews	95052
1878.07.16_DailyNews_0005	9922	1878.07.16_DailyNews	95052
1878.07.16_DailyNews_0006	14692	1878.07.16_DailyNews	95052
1878.07.16_DailyNews_0007	9867	1878.07.16_DailyNews	95052
1878.07.16_DailyNews_0008	8732	1878.07.16_DailyNews	95052
1878.07.16_Freeman'sJournalandDailyCommercialAdvertiser_0001	10226	1878.07.16_Freeman'sJournalandDailyCommercialAdvertiser	90342
1878.07.16_Freeman'sJournalandDailyCommercialAdvertiser_0002	12949	1878.07.16_Freeman'sJournalandDailyCommercialAdvertiser	90342
1878.07.16_Freeman'sJournalandDailyCommercialAdvertiser_0003	12673	1878.07.16_Freeman'sJournalandDailyCommercialAdvertiser	90342
1878.07.16_Freeman'sJournalandDailyCommercialAdvertiser_0004	7184	1878.07.16_Freeman'sJournalandDailyCommercialAdvertiser	90342
1878.07.16_Freeman'sJournalandDailyCommercialAdvertiser_0005	10966	1878.07.16_Freeman'sJournalandDailyCommercialAdvertiser	90342
1878.07.16_Freeman'sJournalandDailyCommercialAdvertiser_0006	12545	1878.07.16_Freeman'sJournalandDailyCommercialAdvertiser	90342
1878.07.16_Freeman'sJournalandDailyCommercialAdvertiser_0007	12795	1878.07.16_Freeman'sJournalandDailyCommercialAdvertiser	90342
1878.07.16_Freeman'sJournalandDailyCommercialAdvertiser_0008	11004	1878.07.16_Freeman'sJournalandDailyCommercialAdvertiser	90342
1878.07.16_GlasgowHerald_0001	10139	1878.07.16_GlasgowHerald	94676
1878.07.16_GlasgowHerald_0002	11994	1878.07.16_GlasgowHerald	94676
1878.07.16_GlasgowHerald_0003	13258	1878.07.16_GlasgowHerald	94676
1878.07.16_GlasgowHerald_0004	10051	1878.07.16_GlasgowHerald	94676
1878.07.16_GlasgowHerald_0005	13344	1878.07.16_GlasgowHerald	94676
1878.07.16_GlasgowHerald_0006	12635	1878.07.16_GlasgowHerald	94676
1878.07.16_GlasgowHerald_0007	12447	1878.07.16_GlasgowHerald	94676
1878.07.16_GlasgowHerald_0008	10808	1878.07.16_GlasgowHerald	94676
1878.07.16_LiverpoolMercuryetc_0001	11887	1878.07.16_LiverpoolMercuryetc	120753
1878.07.16_LiverpoolMercuryetc_0002	15389	1878.07.16_LiverpoolMercuryetc	120753
1878.07.16_LiverpoolMercuryetc_0003	15387	1878.07.16_LiverpoolMercuryetc	120753
1878.07.16_LiverpoolMercuryetc_0004	16797	1878.07.16_LiverpoolMercuryetc	120753
1878.07.16_LiverpoolMercuryetc_0005	15966	1878.07.16_LiverpoolMercuryetc	120753
1878.07.16_LiverpoolMercuryetc_0006	14698	1878.07.16_LiverpoolMercuryetc	120753
1878.07.16_LiverpoolMercuryetc_0007	13703	1878.07.16_LiverpoolMercuryetc	120753
1878.07.16_LiverpoolMercuryetc_0008	16926	1878.07.16_LiverpoolMercuryetc	120753
1878.07.16_NorthernEcho_0001	5632	1878.07.16_NorthernEcho	31279
1878.07.16_NorthernEcho_0002	8374	1878.07.16_NorthernEcho	31279
1878.07.16_NorthernEcho_0003	8868	1878.07.16_NorthernEcho	31279
1878.07.16_NorthernEcho_0004	8405	1878.07.16_NorthernEcho	31279
1878.07.16_TheIpswichJournal_0001	5164	1878.07.16_TheIpswichJournal	39026
1878.07.16_TheIpswichJournal_0002	10329	1878.07.16_TheIpswichJournal	39026
1878.07.16_TheIpswichJournal_0003	12282	1878.07.16_TheIpswichJournal	39026
1878.07.16_TheIpswichJournal_0004	11251	1878.07.16_TheIpswichJournal	39026
1878.07.16_TheLeedsMercury_0001	8853	1878.07.16_TheLeedsMercury	85240
1878.07.16_TheLeedsMercury_0002	11166	1878.07.16_TheLeedsMercury	85240
1878.07.16_TheLeedsMercury_0003	11242	1878.07.16_TheLeedsMercury	85240
1878.07.16_TheLeedsMercury_0004	9407	1878.07.16_TheLeedsMercury	85240
1878.07.16_TheLeedsMercury_0005	10117	1878.07.16_TheLeedsMercury	85240
1878.07.16_TheLeedsMercury_0006	11653	1878.07.16_TheLeedsMercury	85240
1878.07.16_TheLeedsMercury_0007	11736	1878.07.16_TheLeedsMercury	85240
1878.07.16_TheLeedsMercury_0008	11066	1878.07.16_TheLeedsMercury	85240
1878.07.16_ThePallMallGazette_0001	1595	1878.07.16_ThePallMallGazette	35934
1878.07.16_ThePallMallGazette_0002	1920	1878.07.16_ThePallMallGazette	35934
1878.07.16_ThePallMallGazette_0003	2220	1878.07.16_ThePallMallGazette	35934
1878.07.16_ThePallMallGazette_0004	2173	1878.07.16_ThePallMallGazette	35934
1878.07.16_ThePallMallGazette_0005	2620	1878.07.16_ThePallMallGazette	35934
1878.07.16_ThePallMallGazette_0006	2484	1878.07.16_ThePallMallGazette	35934
1878.07.16_ThePallMallGazette_0007	2666	1878.07.16_ThePallMallGazette	35934
1878.07.16_ThePallMallGazette_0008	2031	1878.07.16_ThePallMallGazette	35934
1878.07.16_ThePallMallGazette_0009	2909	1878.07.16_ThePallMallGazette	35934
1878.07.16_ThePallMallGazette_0010	2201	1878.07.16_ThePallMallGazette	35934
1878.07.16_ThePallMallGazette_0011	2328	1878.07.16_ThePallMallGazette	35934
1878.07.16_ThePallMallGazette_0012	2163	1878.07.16_ThePallMallGazette	35934
1878.07.16_ThePallMallGazette_0013	3140	1878.07.16_ThePallMallGazette	35934
1878.07.16_ThePallMallGazette_0014	1940	1878.07.16_ThePallMallGazette	35934
1878.07.16_ThePallMallGazette_0015	2069	1878.07.16_ThePallMallGazette	35934
1878.07.16_ThePallMallGazette_0016	1475	1878.07.16_ThePallMallGazette	35934
1878.07.16_Times_0001	10947	1878.07.16_Times	172229
1878.07.16_Times_0002	10364	1878.07.16_Times	172229
1878.07.16_Times_0003	10691	1878.07.16_Times	172229
1878.07.16_Times_0004	12294	1878.07.16_Times	172229
1878.07.16_Times_0005	8614	1878.07.16_Times	172229
1878.07.16_Times_0006	28480	1878.07.16_Times	172229
1878.07.16_Times_0007	0	1878.07.16_Times	172229
1878.07.16_Times_0008	8511	1878.07.16_Times	172229
1878.07.16_Times_0009	6797	1878.07.16_Times	172229
1878.07.16_Times_0010	9603	1878.07.16_Times	172229
1878.07.16_Times_0011	8170	1878.07.16_Times	172229
1878.07.16_Times_0012	11136	1878.07.16_Times	172229
1878.07.16_Times_0013	13852	1878.07.16_Times	172229
1878.07.16_Times_0014	9518	1878.07.16_Times	172229
1878.07.16_Times_0015	9769	1878.07.16_Times	172229
1878.07.16_Times_0016	13483	1878.07.16_Times	172229
1878.07.16_WesternMail_0001	11650	1878.07.16_WesternMail	53430
1878.07.16_WesternMail_0002	12958	1878.07.16_WesternMail	53430
1878.07.16_WesternMail_0003	15641	1878.07.16_WesternMail	53430
1878.07.16_WesternMail_0004	13181	1878.07.16_WesternMail	53430
1878.07.17_AberdeenWeeklyJournal_0001	6798	1878.07.17_AberdeenWeeklyJournal	80174
1878.07.17_AberdeenWeeklyJournal_0002	5634	1878.07.17_AberdeenWeeklyJournal	80174
1878.07.17_AberdeenWeeklyJournal_0003	10407	1878.07.17_AberdeenWeeklyJournal	80174
1878.07.17_AberdeenWeeklyJournal_0004	9773	1878.07.17_AberdeenWeeklyJournal	80174
1878.07.17_AberdeenWeeklyJournal_0005	11010	1878.07.17_AberdeenWeeklyJournal	80174
1878.07.17_AberdeenWeeklyJournal_0006	12579	1878.07.17_AberdeenWeeklyJournal	80174
1878.07.17_AberdeenWeeklyJournal_0007	12103	1878.07.17_AberdeenWeeklyJournal	80174
1878.07.17_AberdeenWeeklyJournal_0008	11870	1878.07.17_AberdeenWeeklyJournal	80174
1878.07.17_BaneracAmserauCymru_0001	3068	1878.07.17_BaneracAmserauCymru	70004
1878.07.17_BaneracAmserauCymru_0002	4401	1878.07.17_BaneracAmserauCymru	70004
1878.07.17_BaneracAmserauCymru_0003	3267	1878.07.17_BaneracAmserauCymru	70004
1878.07.17_BaneracAmserauCymru_0004	4766	1878.07.17_BaneracAmserauCymru	70004
1878.07.17_BaneracAmserauCymru_0005	4618	1878.07.17_BaneracAmserauCymru	70004
1878.07.17_BaneracAmserauCymru_0006	4607	1878.07.17_BaneracAmserauCymru	70004
1878.07.17_BaneracAmserauCymru_0007	4764	1878.07.17_BaneracAmserauCymru	70004
1878.07.17_BaneracAmserauCymru_0008	4053	1878.07.17_BaneracAmserauCymru	70004
1878.07.17_BaneracAmserauCymru_0009	3796	1878.07.17_BaneracAmserauCymru	70004
1878.07.17_BaneracAmserauCymru_0010	4818	1878.07.17_BaneracAmserauCymru	70004
1878.07.17_BaneracAmserauCymru_0011	5178	1878.07.17_BaneracAmserauCymru	70004
1878.07.17_BaneracAmserauCymru_0012	4787	1878.07.17_BaneracAmserauCymru	70004
1878.07.17_BaneracAmserauCymru_0013	5756	1878.07.17_BaneracAmserauCymru	70004
1878.07.17_BaneracAmserauCymru_0014	5570	1878.07.17_BaneracAmserauCymru	70004
1878.07.17_BaneracAmserauCymru_0015	3297	1878.07.17_BaneracAmserauCymru	70004
1878.07.17_BaneracAmserauCymru_0016	3258	1878.07.17_BaneracAmserauCymru	70004
1878.07.17_DailyNews_0001	9913	1878.07.17_DailyNews	86589
1878.07.17_DailyNews_0002	13961	1878.07.17_DailyNews	86589
1878.07.17_DailyNews_0003	6234	1878.07.17_DailyNews	86589
1878.07.17_DailyNews_0004	11042	1878.07.17_DailyNews	86589
1878.07.17_DailyNews_0005	10797	1878.07.17_DailyNews	86589
1878.07.17_DailyNews_0006	13483	1878.07.17_DailyNews	86589
1878.07.17_DailyNews_0007	9246	1878.07.17_DailyNews	86589
1878.07.17_DailyNews_0008	11913	1878.07.17_DailyNews	86589
1878.07.17_Freeman'sJournalandDailyCommercialAdvertiser_0001	10386	1878.07.17_Freeman'sJournalandDailyCommercialAdvertiser	91593
1878.07.17_Freeman'sJournalandDailyCommercialAdvertiser_0002	15833	1878.07.17_Freeman'sJournalandDailyCommercialAdvertiser	91593
1878.07.17_Freeman'sJournalandDailyCommercialAdvertiser_0003	12251	1878.07.17_Freeman'sJournalandDailyCommercialAdvertiser	91593
1878.07.17_Freeman'sJournalandDailyCommercialAdvertiser_0004	7640	1878.07.17_Freeman'sJournalandDailyCommercialAdvertiser	91593
1878.07.17_Freeman'sJournalandDailyCommercialAdvertiser_0005	10989	1878.07.17_Freeman'sJournalandDailyCommercialAdvertiser	91593
1878.07.17_Freeman'sJournalandDailyCommercialAdvertiser_0006	12202	1878.07.17_Freeman'sJournalandDailyCommercialAdvertiser	91593
1878.07.17_Freeman'sJournalandDailyCommercialAdvertiser_0007	12450	1878.07.17_Freeman'sJournalandDailyCommercialAdvertiser	91593
1878.07.17_Freeman'sJournalandDailyCommercialAdvertiser_0008	9842	1878.07.17_Freeman'sJournalandDailyCommercialAdvertiser	91593
1878.07.17_GlasgowHerald_0001	12822	1878.07.17_GlasgowHerald	108394
1878.07.17_GlasgowHerald_0002	11382	1878.07.17_GlasgowHerald	108394
1878.07.17_GlasgowHerald_0003	15859	1878.07.17_GlasgowHerald	108394
1878.07.17_GlasgowHerald_0004	13192	1878.07.17_GlasgowHerald	108394
1878.07.17_GlasgowHerald_0005	14321	1878.07.17_GlasgowHerald	108394
1878.07.17_GlasgowHerald_0006	14488	1878.07.17_GlasgowHerald	108394
1878.07.17_GlasgowHerald_0007	12709	1878.07.17_GlasgowHerald	108394
1878.07.17_GlasgowHerald_0008	13621	1878.07.17_GlasgowHerald	108394
1878.07.17_HampshireTelegraphandSussexChronicleetc_0001	9999	1878.07.17_HampshireTelegraphandSussexChronicleetc	55220
1878.07.17_HampshireTelegraphandSussexChronicleetc_0002	14861	1878.07.17_HampshireTelegraphandSussexChronicleetc	55220
1878.07.17_HampshireTelegraphandSussexChronicleetc_0003	16999	1878.07.17_HampshireTelegraphandSussexChronicleetc	55220
1878.07.17_HampshireTelegraphandSussexChronicleetc_0004	13361	1878.07.17_HampshireTelegraphandSussexChronicleetc	55220
1878.07.17_LiverpoolMercuryetc_0001	11259	1878.07.17_LiverpoolMercuryetc	117162
1878.07.17_LiverpoolMercuryetc_0002	16007	1878.07.17_LiverpoolMercuryetc	117162
1878.07.17_LiverpoolMercuryetc_0003	16375	1878.07.17_LiverpoolMercuryetc	117162
1878.07.17_LiverpoolMercuryetc_0004	15873	1878.07.17_LiverpoolMercuryetc	117162
1878.07.17_LiverpoolMercuryetc_0005	14542	1878.07.17_LiverpoolMercuryetc	117162
1878.07.17_LiverpoolMercuryetc_0006	13712	1878.07.17_LiverpoolMercuryetc	117162
1878.07.17_LiverpoolMercuryetc_0007	14979	1878.07.17_LiverpoolMercuryetc	117162
1878.07.17_LiverpoolMercuryetc_0008	14415	1878.07.17_LiverpoolMercuryetc	117162
1878.07.17_NorthernEcho_0001	6682	1878.07.17_NorthernEcho	34332
1878.07.17_NorthernEcho_0002	8726	1878.07.17_NorthernEcho	34332
1878.07.17_NorthernEcho_0003	9426	1878.07.17_NorthernEcho	34332
1878.07.17_NorthernEcho_0004	9498	1878.07.17_NorthernEcho	34332
1878.07.17_TheDerbyMercury_0001	9987	1878.07.17_TheDerbyMercury	109883
1878.07.17_TheDerbyMercury_0002	16723	1878.07.17_TheDerbyMercury	109883
1878.07.17_TheDerbyMercury_0003	15570	1878.07.17_TheDerbyMercury	109883
1878.07.17_TheDerbyMercury_0004	5581	1878.07.17_TheDerbyMercury	109883
1878.07.17_TheDerbyMercury_0005	14487	1878.07.17_TheDerbyMercury	109883
1878.07.17_TheDerbyMercury_0006	17287	1878.07.17_TheDerbyMercury	109883
1878.07.17_TheDerbyMercury_0007	15326	1878.07.17_TheDerbyMercury	109883
1878.07.17_TheDerbyMercury_0008	14922	1878.07.17_TheDerbyMercury	109883
1878.07.17_TheLeedsMercury_0001	9906	1878.07.17_TheLeedsMercury	91212
1878.07.17_TheLeedsMercury_0002	12783	1878.07.17_TheLeedsMercury	91212
1878.07.17_TheLeedsMercury_0003	12673	1878.07.17_TheLeedsMercury	91212
1878.07.17_TheLeedsMercury_0004	10474	1878.07.17_TheLeedsMercury	91212
1878.07.17_TheLeedsMercury_0005	10475	1878.07.17_TheLeedsMercury	91212
1878.07.17_TheLeedsMercury_0006	11637	1878.07.17_TheLeedsMercury	91212
1878.07.17_TheLeedsMercury_0007	12228	1878.07.17_TheLeedsMercury	91212
1878.07.17_TheLeedsMercury_0008	11036	1878.07.17_TheLeedsMercury	91212
1878.07.17_ThePallMallGazette_0001	1602	1878.07.17_ThePallMallGazette	33982
1878.07.17_ThePallMallGazette_0002	2170	1878.07.17_ThePallMallGazette	33982
1878.07.17_ThePallMallGazette_0003	2491	1878.07.17_ThePallMallGazette	33982
1878.07.17_ThePallMallGazette_0004	2109	1878.07.17_ThePallMallGazette	33982
1878.07.17_ThePallMallGazette_0005	1658	1878.07.17_ThePallMallGazette	33982
1878.07.17_ThePallMallGazette_0006	2430	1878.07.17_ThePallMallGazette	33982
1878.07.17_ThePallMallGazette_0007	2835	1878.07.17_ThePallMallGazette	33982
1878.07.17_ThePallMallGazette_0008	2357	1878.07.17_ThePallMallGazette	33982
1878.07.17_ThePallMallGazette_0009	2813	1878.07.17_ThePallMallGazette	33982
1878.07.17_ThePallMallGazette_0010	2171	1878.07.17_ThePallMallGazette	33982
1878.07.17_ThePallMallGazette_0011	2136	1878.07.17_ThePallMallGazette	33982
1878.07.17_ThePallMallGazette_0012	2287	1878.07.17_ThePallMallGazette	33982
1878.07.17_ThePallMallGazette_0013	1284	1878.07.17_ThePallMallGazette	33982
1878.07.17_ThePallMallGazette_0014	3200	1878.07.17_ThePallMallGazette	33982
1878.07.17_ThePallMallGazette_0015	1697	1878.07.17_ThePallMallGazette	33982
1878.07.17_ThePallMallGazette_0016	742	1878.07.17_ThePallMallGazette	33982
1878.07.17_Times_0001	9829	1878.07.17_Times	172922
1878.07.17_Times_0002	10346	1878.07.17_Times	172922
1878.07.17_Times_0003	8636	1878.07.17_Times	172922
1878.07.17_Times_0004	12449	1878.07.17_Times	172922
1878.07.17_Times_0005	9074	1878.07.17_Times	172922
1878.07.17_Times_0006	18175	1878.07.17_Times	172922
1878.07.17_Times_0007	5049	1878.07.17_Times	172922
1878.07.17_Times_0008	10051	1878.07.17_Times	172922
1878.07.17_Times_0009	7694	1878.07.17_Times	172922
1878.07.17_Times_0010	11135	1878.07.17_Times	172922
1878.07.17_Times_0011	10734	1878.07.17_Times	172922
1878.07.17_Times_0012	10667	1878.07.17_Times	172922
1878.07.17_Times_0013	10983	1878.07.17_Times	172922
1878.07.17_Times_0014	10691	1878.07.17_Times	172922
1878.07.17_Times_0015	13062	1878.07.17_Times	172922
1878.07.17_Times_0016	14347	1878.07.17_Times	172922
1878.07.17_Trewman'sExeterFlyingPostorPlymouthandCornishAdvertiser_0001	8576	1878.07.17_Trewman'sExeterFlyingPostorPlymouthandCornishAdvertiser	87832
1878.07.17_Trewman'sExeterFlyingPostorPlymouthandCornishAdvertiser_0002	9253	1878.07.17_Trewman'sExeterFlyingPostorPlymouthandCornishAdvertiser	87832
1878.07.17_Trewman'sExeterFlyingPostorPlymouthandCornishAdvertiser_0003	13051	1878.07.17_Trewman'sExeterFlyingPostorPlymouthandCornishAdvertiser	87832
1878.07.17_Trewman'sExeterFlyingPostorPlymouthandCornishAdvertiser_0004	6362	1878.07.17_Trewman'sExeterFlyingPostorPlymouthandCornishAdvertiser	87832
1878.07.17_Trewman'sExeterFlyingPostorPlymouthandCornishAdvertiser_0005	11895	1878.07.17_Trewman'sExeterFlyingPostorPlymouthandCornishAdvertiser	87832
1878.07.17_Trewman'sExeterFlyingPostorPlymouthandCornishAdvertiser_0006	14318	1878.07.17_Trewman'sExeterFlyingPostorPlymouthandCornishAdvertiser	87832
1878.07.17_Trewman'sExeterFlyingPostorPlymouthandCornishAdvertiser_0007	12584	1878.07.17_Trewman'sExeterFlyingPostorPlymouthandCornishAdvertiser	87832
1878.07.17_Trewman'sExeterFlyingPostorPlymouthandCornishAdvertiser_0008	11793	1878.07.17_Trewman'sExeterFlyingPostorPlymouthandCornishAdvertiser	87832
1878.07.17_WesternMail_0001	14449	1878.07.17_WesternMail	59290
1878.07.17_WesternMail_0002	12486	1878.07.17_WesternMail	59290
1878.07.17_WesternMail_0003	18307	1878.07.17_WesternMail	59290
1878.07.17_WesternMail_0004	14048	1878.07.17_WesternMail	59290
1878.07.18_AberdeenWeeklyJournal_0001	9816	1878.07.18_AberdeenWeeklyJournal	58197
1878.07.18_AberdeenWeeklyJournal_0002	14778	1878.07.18_AberdeenWeeklyJournal	58197
1878.07.18_AberdeenWeeklyJournal_0003	17375	1878.07.18_AberdeenWeeklyJournal	58197
1878.07.18_AberdeenWeeklyJournal_0004	16228	1878.07.18_AberdeenWeeklyJournal	58197
1878.07.18_DailyNews_0001	8032	1878.07.18_DailyNews	77263
1878.07.18_DailyNews_0002	10383	1878.07.18_DailyNews	77263
1878.07.18_DailyNews_0003	10294	1878.07.18_DailyNews	77263
1878.07.18_DailyNews_0004	9826	1878.07.18_DailyNews	77263
1878.07.18_DailyNews_0005	10070	1878.07.18_DailyNews	77263
1878.07.18_DailyNews_0006	10910	1878.07.18_DailyNews	77263
1878.07.18_DailyNews_0007	9060	1878.07.18_DailyNews	77263
1878.07.18_DailyNews_0008	8688	1878.07.18_DailyNews	77263
1878.07.18_Freeman'sJournalandDailyCommercialAdvertiser_0001	10702	1878.07.18_Freeman'sJournalandDailyCommercialAdvertiser	87595
1878.07.18_Freeman'sJournalandDailyCommercialAdvertiser_0002	12769	1878.07.18_Freeman'sJournalandDailyCommercialAdvertiser	87595
1878.07.18_Freeman'sJournalandDailyCommercialAdvertiser_0003	12594	1878.07.18_Freeman'sJournalandDailyCommercialAdvertiser	87595
1878.07.18_Freeman'sJournalandDailyCommercialAdvertiser_0004	6721	1878.07.18_Freeman'sJournalandDailyCommercialAdvertiser	87595
1878.07.18_Freeman'sJournalandDailyCommercialAdvertiser_0005	10028	1878.07.18_Freeman'sJournalandDailyCommercialAdvertiser	87595
1878.07.18_Freeman'sJournalandDailyCommercialAdvertiser_0006	11179	1878.07.18_Freeman'sJournalandDailyCommercialAdvertiser	87595
1878.07.18_Freeman'sJournalandDailyCommercialAdvertiser_0007	12848	1878.07.18_Freeman'sJournalandDailyCommercialAdvertiser	87595
1878.07.18_Freeman'sJournalandDailyCommercialAdvertiser_0008	10754	1878.07.18_Freeman'sJournalandDailyCommercialAdvertiser	87595
1878.07.18_GlasgowHerald_0001	9439	1878.07.18_GlasgowHerald	91626
1878.07.18_GlasgowHerald_0002	10227	1878.07.18_GlasgowHerald	91626
1878.07.18_GlasgowHerald_0003	12746	1878.07.18_GlasgowHerald	91626
1878.07.18_GlasgowHerald_0004	10283	1878.07.18_GlasgowHerald	91626
1878.07.18_GlasgowHerald_0005	13528	1878.07.18_GlasgowHerald	91626
1878.07.18_GlasgowHerald_0006	12432	1878.07.18_GlasgowHerald	91626
1878.07.18_GlasgowHerald_0007	13299	1878.07.18_GlasgowHerald	91626
1878.07.18_GlasgowHerald_0008	9672	1878.07.18_GlasgowHerald	91626
1878.07.18_LiverpoolMercuryetc_0001	11941	1878.07.18_LiverpoolMercuryetc	123424
1878.07.18_LiverpoolMercuryetc_0002	16977	1878.07.18_LiverpoolMercuryetc	123424
1878.07.18_LiverpoolMercuryetc_0003	17682	1878.07.18_LiverpoolMercuryetc	123424
1878.07.18_LiverpoolMercuryetc_0004	16066	1878.07.18_LiverpoolMercuryetc	123424
1878.07.18_LiverpoolMercuryetc_0005	17582	1878.07.18_LiverpoolMercuryetc	123424
1878.07.18_LiverpoolMercuryetc_0006	13759	1878.07.18_LiverpoolMercuryetc	123424
1878.07.18_LiverpoolMercuryetc_0007	13427	1878.07.18_LiverpoolMercuryetc	123424
1878.07.18_LiverpoolMercuryetc_0008	15990	1878.07.18_LiverpoolMercuryetc	123424
1878.07.18_NorthernEcho_0001	6946	1878.07.18_NorthernEcho	34711
1878.07.18_NorthernEcho_0002	8838	1878.07.18_NorthernEcho	34711
1878.07.18_NorthernEcho_0003	9417	1878.07.18_NorthernEcho	34711
1878.07.18_NorthernEcho_0004	9510	1878.07.18_NorthernEcho	34711
1878.07.18_TheLeedsMercury_0001	9235	1878.07.18_TheLeedsMercury	92004
1878.07.18_TheLeedsMercury_0002	10675	1878.07.18_TheLeedsMercury	92004
1878.07.18_TheLeedsMercury_0003	12919	1878.07.18_TheLeedsMercury	92004
1878.07.18_TheLeedsMercury_0004	10163	1878.07.18_TheLeedsMercury	92004
1878.07.18_TheLeedsMercury_0005	11574	1878.07.18_TheLeedsMercury	92004
1878.07.18_TheLeedsMercury_0006	12542	1878.07.18_TheLeedsMercury	92004
1878.07.18_TheLeedsMercury_0007	12650	1878.07.18_TheLeedsMercury	92004
1878.07.18_TheLeedsMercury_0008	12246	1878.07.18_TheLeedsMercury	92004
1878.07.18_ThePallMallGazette_0001	1562	1878.07.18_ThePallMallGazette	37151
1878.07.18_ThePallMallGazette_0002	1946	1878.07.18_ThePallMallGazette	37151
1878.07.18_ThePallMallGazette_0003	2523	1878.07.18_ThePallMallGazette	37151
1878.07.18_ThePallMallGazette_0004	2398	1878.07.18_ThePallMallGazette	37151
1878.07.18_ThePallMallGazette_0005	2257	1878.07.18_ThePallMallGazette	37151
1878.07.18_ThePallMallGazette_0006	2353	1878.07.18_ThePallMallGazette	37151
1878.07.18_ThePallMallGazette_0007	2500	1878.07.18_ThePallMallGazette	37151
1878.07.18_ThePallMallGazette_0008	2408	1878.07.18_ThePallMallGazette	37151
1878.07.18_ThePallMallGazette_0009	2840	1878.07.18_ThePallMallGazette	37151
1878.07.18_ThePallMallGazette_0010	2029	1878.07.18_ThePallMallGazette	37151
1878.07.18_ThePallMallGazette_0011	2217	1878.07.18_ThePallMallGazette	37151
1878.07.18_ThePallMallGazette_0012	2201	1878.07.18_ThePallMallGazette	37151
1878.07.18_ThePallMallGazette_0013	3414	1878.07.18_ThePallMallGazette	37151
1878.07.18_ThePallMallGazette_0014	3048	1878.07.18_ThePallMallGazette	37151
1878.07.18_ThePallMallGazette_0015	2715	1878.07.18_ThePallMallGazette	37151
1878.07.18_ThePallMallGazette_0016	740	1878.07.18_ThePallMallGazette	37151
1878.07.18_Times_0001	10082	1878.07.18_Times	158585
1878.07.18_Times_0002	8519	1878.07.18_Times	158585
1878.07.18_Times_0003	8447	1878.07.18_Times	158585
1878.07.18_Times_0004	11578	1878.07.18_Times	158585
1878.07.18_Times_0005	9166	1878.07.18_Times	158585
1878.07.18_Times_0006	11923	1878.07.18_Times	158585
1878.07.18_Times_0007	10371	1878.07.18_Times	158585
1878.07.18_Times_0008	11122	1878.07.18_Times	158585
1878.07.18_Times_0009	6758	1878.07.18_Times	158585
1878.07.18_Times_0010	10829	1878.07.18_Times	158585
1878.07.18_Times_0011	11109	1878.07.18_Times	158585
1878.07.18_Times_0012	10741	1878.07.18_Times	158585
1878.07.18_Times_0013	10272	1878.07.18_Times	158585
1878.07.18_Times_0014	7934	1878.07.18_Times	158585
1878.07.18_Times_0015	9973	1878.07.18_Times	158585
1878.07.18_Times_0016	9761	1878.07.18_Times	158585
1878.07.18_WesternMail_0001	13666	1878.07.18_WesternMail	61330
1878.07.18_WesternMail_0002	13566	1878.07.18_WesternMail	61330
1878.07.18_WesternMail_0003	17978	1878.07.18_WesternMail	61330
1878.07.18_WesternMail_0004	16120	1878.07.18_WesternMail	61330
1878.07.18_YGenedlCymreig_0001	4214	1878.07.18_YGenedlCymreig	64669
1878.07.18_YGenedlCymreig_0002	4955	1878.07.18_YGenedlCymreig	64669
1878.07.18_YGenedlCymreig_0003	9739	1878.07.18_YGenedlCymreig	64669
1878.07.18_YGenedlCymreig_0004	6146	1878.07.18_YGenedlCymreig	64669
1878.07.18_YGenedlCymreig_0005	10065	1878.07.18_YGenedlCymreig	64669
1878.07.18_YGenedlCymreig_0006	10045	1878.07.18_YGenedlCymreig	64669
1878.07.18_YGenedlCymreig_0007	9921	1878.07.18_YGenedlCymreig	64669
1878.07.18_YGenedlCymreig_0008	9584	1878.07.18_YGenedlCymreig	64669
1878.07.19_AberdeenWeeklyJournal_0001	7314	1878.07.19_AberdeenWeeklyJournal	78419
1878.07.19_AberdeenWeeklyJournal_0002	5057	1878.07.19_AberdeenWeeklyJournal	78419
1878.07.19_AberdeenWeeklyJournal_0003	10049	1878.07.19_AberdeenWeeklyJournal	78419
1878.07.19_AberdeenWeeklyJournal_0004	9707	1878.07.19_AberdeenWeeklyJournal	78419
1878.07.19_AberdeenWeeklyJournal_0005	12869	1878.07.19_AberdeenWeeklyJournal	78419
1878.07.19_AberdeenWeeklyJournal_0006	9217	1878.07.19_AberdeenWeeklyJournal	78419
1878.07.19_AberdeenWeeklyJournal_0007	11734	1878.07.19_AberdeenWeeklyJournal	78419
1878.07.19_AberdeenWeeklyJournal_0008	12472	1878.07.19_AberdeenWeeklyJournal	78419
1878.07.19_DailyNews_0001	7918	1878.07.19_DailyNews	90784
1878.07.19_DailyNews_0002	14649	1878.07.19_DailyNews	90784
1878.07.19_DailyNews_0003	13582	1878.07.19_DailyNews	90784
1878.07.19_DailyNews_0004	11102	1878.07.19_DailyNews	90784
1878.07.19_DailyNews_0005	10002	1878.07.19_DailyNews	90784
1878.07.19_DailyNews_0006	13319	1878.07.19_DailyNews	90784
1878.07.19_DailyNews_0007	11370	1878.07.19_DailyNews	90784
1878.07.19_DailyNews_0008	8842	1878.07.19_DailyNews	90784
1878.07.19_Freeman'sJournalandDailyCommercialAdvertiser_0001	10505	1878.07.19_Freeman'sJournalandDailyCommercialAdvertiser	90080
1878.07.19_Freeman'sJournalandDailyCommercialAdvertiser_0002	11802	1878.07.19_Freeman'sJournalandDailyCommercialAdvertiser	90080
1878.07.19_Freeman'sJournalandDailyCommercialAdvertiser_0003	13990	1878.07.19_Freeman'sJournalandDailyCommercialAdvertiser	90080
1878.07.19_Freeman'sJournalandDailyCommercialAdvertiser_0004	7833	1878.07.19_Freeman'sJournalandDailyCommercialAdvertiser	90080
1878.07.19_Freeman'sJournalandDailyCommercialAdvertiser_0005	11980	1878.07.19_Freeman'sJournalandDailyCommercialAdvertiser	90080
1878.07.19_Freeman'sJournalandDailyCommercialAdvertiser_0006	11822	1878.07.19_Freeman'sJournalandDailyCommercialAdvertiser	90080
1878.07.19_Freeman'sJournalandDailyCommercialAdvertiser_0007	11995	1878.07.19_Freeman'sJournalandDailyCommercialAdvertiser	90080
1878.07.19_Freeman'sJournalandDailyCommercialAdvertiser_0008	10153	1878.07.19_Freeman'sJournalandDailyCommercialAdvertiser	90080
1878.07.19_GlasgowHerald_0001	15466	1878.07.19_GlasgowHerald	117574
1878.07.19_GlasgowHerald_0002	11966	1878.07.19_GlasgowHerald	117574
1878.07.19_GlasgowHerald_0003	18196	1878.07.19_GlasgowHerald	117574
1878.07.19_GlasgowHerald_0004	14118	1878.07.19_GlasgowHerald	117574
1878.07.19_GlasgowHerald_0005	17553	1878.07.19_GlasgowHerald	117574
1878.07.19_GlasgowHerald_0006	14645	1878.07.19_GlasgowHerald	117574
1878.07.19_GlasgowHerald_0007	12106	1878.07.19_GlasgowHerald	117574
1878.07.19_GlasgowHerald_0008	13524	1878.07.19_GlasgowHerald	117574
1878.07.19_LiverpoolMercuryetc_0001	14335	1878.07.19_LiverpoolMercuryetc	141369
1878.07.19_LiverpoolMercuryetc_0002	17570	1878.07.19_LiverpoolMercuryetc	141369
1878.07.19_LiverpoolMercuryetc_0003	19090	1878.07.19_LiverpoolMercuryetc	141369
1878.07.19_LiverpoolMercuryetc_0004	20303	1878.07.19_LiverpoolMercuryetc	141369
1878.07.19_LiverpoolMercuryetc_0005	19205	1878.07.19_LiverpoolMercuryetc	141369
1878.07.19_LiverpoolMercuryetc_0006	15591	1878.07.19_LiverpoolMercuryetc	141369
1878.07.19_LiverpoolMercuryetc_0007	17886	1878.07.19_LiverpoolMercuryetc	141369
1878.07.19_LiverpoolMercuryetc_0008	17389	1878.07.19_LiverpoolMercuryetc	141369
1878.07.19_NorthernEcho_0001	7049	1878.07.19_NorthernEcho	32806
1878.07.19_NorthernEcho_0002	7852	1878.07.19_NorthernEcho	32806
1878.07.19_NorthernEcho_0003	8315	1878.07.19_NorthernEcho	32806
1878.07.19_NorthernEcho_0004	9590	1878.07.19_NorthernEcho	32806
1878.07.19_TheHullPacketandEastRidingTimes_0001	6116	1878.07.19_TheHullPacketandEastRidingTimes	74733
1878.07.19_TheHullPacketandEastRidingTimes_0002	7932	1878.07.19_TheHullPacketandEastRidingTimes	74733
1878.07.19_TheHullPacketandEastRidingTimes_0003	10144	1878.07.19_TheHullPacketandEastRidingTimes	74733
1878.07.19_TheHullPacketandEastRidingTimes_0004	7771	1878.07.19_TheHullPacketandEastRidingTimes	74733
1878.07.19_TheHullPacketandEastRidingTimes_0005	10985	1878.07.19_TheHullPacketandEastRidingTimes	74733
1878.07.19_TheHullPacketandEastRidingTimes_0006	10916	1878.07.19_TheHullPacketandEastRidingTimes	74733
1878.07.19_TheHullPacketandEastRidingTimes_0007	11068	1878.07.19_TheHullPacketandEastRidingTimes	74733
1878.07.19_TheHullPacketandEastRidingTimes_0008	9801	1878.07.19_TheHullPacketandEastRidingTimes	74733
1878.07.19_TheLeedsMercury_0001	9159	1878.07.19_TheLeedsMercury	90343
1878.07.19_TheLeedsMercury_0002	11798	1878.07.19_TheLeedsMercury	90343
1878.07.19_TheLeedsMercury_0003	13637	1878.07.19_TheLeedsMercury	90343
1878.07.19_TheLeedsMercury_0004	10003	1878.07.19_TheLeedsMercury	90343
1878.07.19_TheLeedsMercury_0005	9960	1878.07.19_TheLeedsMercury	90343
1878.07.19_TheLeedsMercury_0006	12029	1878.07.19_TheLeedsMercury	90343
1878.07.19_TheLeedsMercury_0007	12195	1878.07.19_TheLeedsMercury	90343
1878.07.19_TheLeedsMercury_0008	11562	1878.07.19_TheLeedsMercury	90343
1878.07.19_TheNewcastleCourantetc_0001	10615	1878.07.19_TheNewcastleCourantetc	136163
1878.07.19_TheNewcastleCourantetc_0002	17469	1878.07.19_TheNewcastleCourantetc	136163
1878.07.19_TheNewcastleCourantetc_0003	18045	1878.07.19_TheNewcastleCourantetc	136163
1878.07.19_TheNewcastleCourantetc_0004	15317	1878.07.19_TheNewcastleCourantetc	136163
1878.07.19_TheNewcastleCourantetc_0005	18375	1878.07.19_TheNewcastleCourantetc	136163
1878.07.19_TheNewcastleCourantetc_0006	18973	1878.07.19_TheNewcastleCourantetc	136163
1878.07.19_TheNewcastleCourantetc_0007	20235	1878.07.19_TheNewcastleCourantetc	136163
1878.07.19_TheNewcastleCourantetc_0008	17134	1878.07.19_TheNewcastleCourantetc	136163
1878.07.19_ThePallMallGazette_0001	1597	1878.07.19_ThePallMallGazette	34257
1878.07.19_ThePallMallGazette_0002	1964	1878.07.19_ThePallMallGazette	34257
1878.07.19_ThePallMallGazette_0003	2729	1878.07.19_ThePallMallGazette	34257
1878.07.19_ThePallMallGazette_0004	2068	1878.07.19_ThePallMallGazette	34257
1878.07.19_ThePallMallGazette_0005	1673	1878.07.19_ThePallMallGazette	34257
1878.07.19_ThePallMallGazette_0006	2481	1878.07.19_ThePallMallGazette	34257
1878.07.19_ThePallMallGazette_0007	2552	1878.07.19_ThePallMallGazette	34257
1878.07.19_ThePallMallGazette_0008	2094	1878.07.19_ThePallMallGazette	34257
1878.07.19_ThePallMallGazette_0009	2856	1878.07.19_ThePallMallGazette	34257
1878.07.19_ThePallMallGazette_0010	2227	1878.07.19_ThePallMallGazette	34257
1878.07.19_ThePallMallGazette_0011	2256	1878.07.19_ThePallMallGazette	34257
1878.07.19_ThePallMallGazette_0012	2090	1878.07.19_ThePallMallGazette	34257
1878.07.19_ThePallMallGazette_0013	1518	1878.07.19_ThePallMallGazette	34257
1878.07.19_ThePallMallGazette_0014	3075	1878.07.19_ThePallMallGazette	34257
1878.07.19_ThePallMallGazette_0015	1626	1878.07.19_ThePallMallGazette	34257
1878.07.19_ThePallMallGazette_0016	1451	1878.07.19_ThePallMallGazette	34257
1878.07.19_Times_0001	9820	1878.07.19_Times	166685
1878.07.19_Times_0002	10550	1878.07.19_Times	166685
1878.07.19_Times_0003	9517	1878.07.19_Times	166685
1878.07.19_Times_0004	11814	1878.07.19_Times	166685
1878.07.19_Times_0005	7944	1878.07.19_Times	166685
1878.07.19_Times_0006	28283	1878.07.19_Times	166685
1878.07.19_Times_0007	0	1878.07.19_Times	166685
1878.07.19_Times_0008	8400	1878.07.19_Times	166685
1878.07.19_Times_0009	10574	1878.07.19_Times	166685
1878.07.19_Times_0010	7525	1878.07.19_Times	166685
1878.07.19_Times_0011	8491	1878.07.19_Times	166685
1878.07.19_Times_0012	8377	1878.07.19_Times	166685
1878.07.19_Times_0013	12025	1878.07.19_Times	166685
1878.07.19_Times_0014	10742	1878.07.19_Times	166685
1878.07.19_Times_0015	10689	1878.07.19_Times	166685
1878.07.19_Times_0016	11934	1878.07.19_Times	166685
1878.07.19_WesternMail_0001	12391	1878.07.19_WesternMail	59407
1878.07.19_WesternMail_0002	14063	1878.07.19_WesternMail	59407
1878.07.19_WesternMail_0003	17407	1878.07.19_WesternMail	59407
1878.07.19_WesternMail_0004	15546	1878.07.19_WesternMail	59407
1878.07.20_AberdeenWeeklyJournal_0001	9789	1878.07.20_AberdeenWeeklyJournal	111658
1878.07.20_AberdeenWeeklyJournal_0002	14508	1878.07.20_AberdeenWeeklyJournal	111658
1878.07.20_AberdeenWeeklyJournal_0003	14693	1878.07.20_AberdeenWeeklyJournal	111658
1878.07.20_AberdeenWeeklyJournal_0004	12078	1878.07.20_AberdeenWeeklyJournal	111658
1878.07.20_AberdeenWeeklyJournal_0005	14008	1878.07.20_AberdeenWeeklyJournal	111658
1878.07.20_AberdeenWeeklyJournal_0006	15366	1878.07.20_AberdeenWeeklyJournal	111658
1878.07.20_AberdeenWeeklyJournal_0007	17421	1878.07.20_AberdeenWeeklyJournal	111658
1878.07.20_AberdeenWeeklyJournal_0008	13795	1878.07.20_AberdeenWeeklyJournal	111658
1878.07.20_BaneracAmserauCymru_0001	2586	1878.07.20_BaneracAmserauCymru	32281
1878.07.20_BaneracAmserauCymru_0002	4269	1878.07.20_BaneracAmserauCymru	32281
1878.07.20_BaneracAmserauCymru_0003	4488	1878.07.20_BaneracAmserauCymru	32281
1878.07.20_BaneracAmserauCymru_0004	4262	1878.07.20_BaneracAmserauCymru	32281
1878.07.20_BaneracAmserauCymru_0005	4704	1878.07.20_BaneracAmserauCymru	32281
1878.07.20_BaneracAmserauCymru_0006	4364	1878.07.20_BaneracAmserauCymru	32281
1878.07.20_BaneracAmserauCymru_0007	4012	1878.07.20_BaneracAmserauCymru	32281
1878.07.20_BaneracAmserauCymru_0008	3596	1878.07.20_BaneracAmserauCymru	32281
1878.07.20_DailyNews_0001	6085	1878.07.20_DailyNews	62074
1878.07.20_DailyNews_0002	8825	1878.07.20_DailyNews	62074
1878.07.20_DailyNews_0003	9854	1878.07.20_DailyNews	62074
1878.07.20_DailyNews_0004	7433	1878.07.20_DailyNews	62074
1878.07.20_DailyNews_0005	8425	1878.07.20_DailyNews	62074
1878.07.20_DailyNews_0006	10136	1878.07.20_DailyNews	62074
1878.07.20_DailyNews_0007	5873	1878.07.20_DailyNews	62074
1878.07.20_DailyNews_0008	5443	1878.07.20_DailyNews	62074
1878.07.20_Freeman'sJournalandDailyCommercialAdvertiser_0001	10748	1878.07.20_Freeman'sJournalandDailyCommercialAdvertiser	81373
1878.07.20_Freeman'sJournalandDailyCommercialAdvertiser_0002	10670	1878.07.20_Freeman'sJournalandDailyCommercialAdvertiser	81373
1878.07.20_Freeman'sJournalandDailyCommercialAdvertiser_0003	12203	1878.07.20_Freeman'sJournalandDailyCommercialAdvertiser	81373
1878.07.20_Freeman'sJournalandDailyCommercialAdvertiser_0004	4369	1878.07.20_Freeman'sJournalandDailyCommercialAdvertiser	81373
1878.07.20_Freeman'sJournalandDailyCommercialAdvertiser_0005	9442	1878.07.20_Freeman'sJournalandDailyCommercialAdvertiser	81373
1878.07.20_Freeman'sJournalandDailyCommercialAdvertiser_0006	10983	1878.07.20_Freeman'sJournalandDailyCommercialAdvertiser	81373
1878.07.20_Freeman'sJournalandDailyCommercialAdvertiser_0007	12479	1878.07.20_Freeman'sJournalandDailyCommercialAdvertiser	81373
1878.07.20_Freeman'sJournalandDailyCommercialAdvertiser_0008	10479	1878.07.20_Freeman'sJournalandDailyCommercialAdvertiser	81373
1878.07.20_GlasgowHerald_0001	10088	1878.07.20_GlasgowHerald	94223
1878.07.20_GlasgowHerald_0002	10148	1878.07.20_GlasgowHerald	94223
1878.07.20_GlasgowHerald_0003	13744	1878.07.20_GlasgowHerald	94223
1878.07.20_GlasgowHerald_0004	10639	1878.07.20_GlasgowHerald	94223
1878.07.20_GlasgowHerald_0005	13133	1878.07.20_GlasgowHerald	94223
1878.07.20_GlasgowHerald_0006	12938	1878.07.20_GlasgowHerald	94223
1878.07.20_GlasgowHerald_0007	12424	1878.07.20_GlasgowHerald	94223
1878.07.20_GlasgowHerald_0008	11109	1878.07.20_GlasgowHerald	94223
1878.07.20_HampshireTelegraphandSussexChronicleetc_0001	11210	1878.07.20_HampshireTelegraphandSussexChronicleetc	107991
1878.07.20_HampshireTelegraphandSussexChronicleetc_0002	12289	1878.07.20_HampshireTelegraphandSussexChronicleetc	107991
1878.07.20_HampshireTelegraphandSussexChronicleetc_0003	17303	1878.07.20_HampshireTelegraphandSussexChronicleetc	107991
1878.07.20_HampshireTelegraphandSussexChronicleetc_0004	11411	1878.07.20_HampshireTelegraphandSussexChronicleetc	107991
1878.07.20_HampshireTelegraphandSussexChronicleetc_0005	16019	1878.07.20_HampshireTelegraphandSussexChronicleetc	107991
1878.07.20_HampshireTelegraphandSussexChronicleetc_0006	11096	1878.07.20_HampshireTelegraphandSussexChronicleetc	107991
1878.07.20_HampshireTelegraphandSussexChronicleetc_0007	13592	1878.07.20_HampshireTelegraphandSussexChronicleetc	107991
1878.07.20_HampshireTelegraphandSussexChronicleetc_0008	15071	1878.07.20_HampshireTelegraphandSussexChronicleetc	107991
1878.07.20_Jackson'sOxfordJournal_0001	4003	1878.07.20_Jackson'sOxfordJournal	72275
1878.07.20_Jackson'sOxfordJournal_0002	5718	1878.07.20_Jackson'sOxfordJournal	72275
1878.07.20_Jackson'sOxfordJournal_0003	5478	1878.07.20_Jackson'sOxfordJournal	72275
1878.07.20_Jackson'sOxfordJournal_0004	8683	1878.07.20_Jackson'sOxfordJournal	72275
1878.07.20_Jackson'sOxfordJournal_0005	10766	1878.07.20_Jackson'sOxfordJournal	72275
1878.07.20_Jackson'sOxfordJournal_0006	12411	1878.07.20_Jackson'sOxfordJournal	72275
1878.07.20_Jackson'sOxfordJournal_0007	11951	1878.07.20_Jackson'sOxfordJournal	72275
1878.07.20_Jackson'sOxfordJournal_0008	13265	1878.07.20_Jackson'sOxfordJournal	72275
1878.07.20_LiverpoolMercuryetc_0001	12154	1878.07.20_LiverpoolMercuryetc	122875
1878.07.20_LiverpoolMercuryetc_0002	16819	1878.07.20_LiverpoolMercuryetc	122875
1878.07.20_LiverpoolMercuryetc_0003	16346	1878.07.20_LiverpoolMercuryetc	122875
1878.07.20_LiverpoolMercuryetc_0004	16683	1878.07.20_LiverpoolMercuryetc	122875
1878.07.20_LiverpoolMercuryetc_0005	15819	1878.07.20_LiverpoolMercuryetc	122875
1878.07.20_LiverpoolMercuryetc_0006	14074	1878.07.20_LiverpoolMercuryetc	122875
1878.07.20_LiverpoolMercuryetc_0007	15200	1878.07.20_LiverpoolMercuryetc	122875
1878.07.20_LiverpoolMercuryetc_0008	15780	1878.07.20_LiverpoolMercuryetc	122875
1878.07.20_NorthernEcho_0001	6823	1878.07.20_NorthernEcho	33128
1878.07.20_NorthernEcho_0002	7807	1878.07.20_NorthernEcho	33128
1878.07.20_NorthernEcho_0003	8897	1878.07.20_NorthernEcho	33128
1878.07.20_NorthernEcho_0004	9601	1878.07.20_NorthernEcho	33128
1878.07.20_TheExaminer_0001	1219	1878.07.20_TheExaminer	46890
1878.07.20_TheExaminer_0002	1403	1878.07.20_TheExaminer	46890
1878.07.20_TheExaminer_0003	1430	1878.07.20_TheExaminer	46890
1878.07.20_TheExaminer_0004	1495	1878.07.20_TheExaminer	46890
1878.07.20_TheExaminer_0005	1500	1878.07.20_TheExaminer	46890
1878.07.20_TheExaminer_0006	1504	1878.07.20_TheExaminer	46890
1878.07.20_TheExaminer_0007	1509	1878.07.20_TheExaminer	46890
1878.07.20_TheExaminer_0008	1597	1878.07.20_TheExaminer	46890
1878.07.20_TheExaminer_0009	1457	1878.07.20_TheExaminer	46890
1878.07.20_TheExaminer_0010	1583	1878.07.20_TheExaminer	46890
1878.07.20_TheExaminer_0011	1569	1878.07.20_TheExaminer	46890
1878.07.20_TheExaminer_0012	1479	1878.07.20_TheExaminer	46890
1878.07.20_TheExaminer_0013	1530	1878.07.20_TheExaminer	46890
1878.07.20_TheExaminer_0014	1544	1878.07.20_TheExaminer	46890
1878.07.20_TheExaminer_0015	1520	1878.07.20_TheExaminer	46890
1878.07.20_TheExaminer_0016	1618	1878.07.20_TheExaminer	46890
1878.07.20_TheExaminer_0017	1502	1878.07.20_TheExaminer	46890
1878.07.20_TheExaminer_0018	1546	1878.07.20_TheExaminer	46890
1878.07.20_TheExaminer_0019	1588	1878.07.20_TheExaminer	46890
1878.07.20_TheExaminer_0020	1584	1878.07.20_TheExaminer	46890
1878.07.20_TheExaminer_0021	1582	1878.07.20_TheExaminer	46890
1878.07.20_TheExaminer_0022	1567	1878.07.20_TheExaminer	46890
1878.07.20_TheExaminer_0023	1488	1878.07.20_TheExaminer	46890
1878.07.20_TheExaminer_0024	1545	1878.07.20_TheExaminer	46890
1878.07.20_TheExaminer_0025	1599	1878.07.20_TheExaminer	46890
1878.07.20_TheExaminer_0026	1580	1878.07.20_TheExaminer	46890
1878.07.20_TheExaminer_0027	1415	1878.07.20_TheExaminer	46890
1878.07.20_TheExaminer_0028	1061	1878.07.20_TheExaminer	46890
1878.07.20_TheExaminer_0029	1386	1878.07.20_TheExaminer	46890
1878.07.20_TheExaminer_0030	1107	1878.07.20_TheExaminer	46890
1878.07.20_TheExaminer_0031	1109	1878.07.20_TheExaminer	46890
1878.07.20_TheExaminer_0032	1274	1878.07.20_TheExaminer	46890
1878.07.20_TheGraphic_0001	852	1878.07.20_TheGraphic	72082
1878.07.20_TheGraphic_0002	1761	1878.07.20_TheGraphic	72082
1878.07.20_TheGraphic_0003	29	1878.07.20_TheGraphic	72082
1878.07.20_TheGraphic_0004	2706	1878.07.20_TheGraphic	72082
1878.07.20_TheGraphic_0005	3551	1878.07.20_TheGraphic	72082
1878.07.20_TheGraphic_0006	18	1878.07.20_TheGraphic	72082
1878.07.20_TheGraphic_0007	1612	1878.07.20_TheGraphic	72082
1878.07.20_TheGraphic_0008	3597	1878.07.20_TheGraphic	72082
1878.07.20_TheGraphic_0009	3360	1878.07.20_TheGraphic	72082
1878.07.20_TheGraphic_0010	17	1878.07.20_TheGraphic	72082
1878.07.20_TheGraphic_0011	3490	1878.07.20_TheGraphic	72082
1878.07.20_TheGraphic_0012	3694	1878.07.20_TheGraphic	72082
1878.07.20_TheGraphic_0013	15	1878.07.20_TheGraphic	72082
1878.07.20_TheGraphic_0014	746	1878.07.20_TheGraphic	72082
1878.07.20_TheGraphic_0015	4602	1878.07.20_TheGraphic	72082
1878.07.20_TheGraphic_0016	3832	1878.07.20_TheGraphic	72082
1878.07.20_TheGraphic_0017	4460	1878.07.20_TheGraphic	72082
1878.07.20_TheGraphic_0018	269	1878.07.20_TheGraphic	72082
1878.07.20_TheGraphic_0019	3841	1878.07.20_TheGraphic	72082
1878.07.20_TheGraphic_0020	3719	1878.07.20_TheGraphic	72082
1878.07.20_TheGraphic_0021	20	1878.07.20_TheGraphic	72082
1878.07.20_TheGraphic_0022	9	1878.07.20_TheGraphic	72082
1878.07.20_TheGraphic_0023	3818	1878.07.20_TheGraphic	72082
1878.07.20_TheGraphic_0024	3787	1878.07.20_TheGraphic	72082
1878.07.20_TheGraphic_0025	17	1878.07.20_TheGraphic	72082
1878.07.20_TheGraphic_0026	10	1878.07.20_TheGraphic	72082
1878.07.20_TheGraphic_0027	3905	1878.07.20_TheGraphic	72082
1878.07.20_TheGraphic_0028	3847	1878.07.20_TheGraphic	72082
1878.07.20_TheGraphic_0029	11	1878.07.20_TheGraphic	72082
1878.07.20_TheGraphic_0030	29	1878.07.20_TheGraphic	72082
1878.07.20_TheGraphic_0031	3845	1878.07.20_TheGraphic	72082
1878.07.20_TheGraphic_0032	3563	1878.07.20_TheGraphic	72082
1878.07.20_TheGraphic_0033	21	1878.07.20_TheGraphic	72082
1878.07.20_TheGraphic_0034	139	1878.07.20_TheGraphic	72082
1878.07.20_TheGraphic_0035	58	1878.07.20_TheGraphic	72082
1878.07.20_TheGraphic_0036	1566	1878.07.20_TheGraphic	72082
1878.07.20_TheGraphic_0037	1266	1878.07.20_TheGraphic	72082
1878.07.20_TheIllustratedPoliceNewsetc_0001	74	1878.07.20_TheIllustratedPoliceNewsetc	31973
1878.07.20_TheIllustratedPoliceNewsetc_0002	10870	1878.07.20_TheIllustratedPoliceNewsetc	31973
1878.07.20_TheIllustratedPoliceNewsetc_0003	11123	1878.07.20_TheIllustratedPoliceNewsetc	31973
1878.07.20_TheIllustratedPoliceNewsetc_0004	9906	1878.07.20_TheIllustratedPoliceNewsetc	31973
1878.07.20_TheIpswichJournal_0001	1819	1878.07.20_TheIpswichJournal	61638
1878.07.20_TheIpswichJournal_0002	4582	1878.07.20_TheIpswichJournal	61638
1878.07.20_TheIpswichJournal_0003	7534	1878.07.20_TheIpswichJournal	61638
1878.07.20_TheIpswichJournal_0004	5956	1878.07.20_TheIpswichJournal	61638
1878.07.20_TheIpswichJournal_0005	11116	1878.07.20_TheIpswichJournal	61638
1878.07.20_TheIpswichJournal_0006	7617	1878.07.20_TheIpswichJournal	61638
1878.07.20_TheIpswichJournal_0007	11901	1878.07.20_TheIpswichJournal	61638
1878.07.20_TheIpswichJournal_0008	11113	1878.07.20_TheIpswichJournal	61638
1878.07.20_TheLeedsMercury_0001	9125	1878.07.20_TheLeedsMercury	136554
1878.07.20_TheLeedsMercury_0002	11558	1878.07.20_TheLeedsMercury	136554
1878.07.20_TheLeedsMercury_0003	10643	1878.07.20_TheLeedsMercury	136554
1878.07.20_TheLeedsMercury_0004	13094	1878.07.20_TheLeedsMercury	136554
1878.07.20_TheLeedsMercury_0005	14097	1878.07.20_TheLeedsMercury	136554
1878.07.20_TheLeedsMercury_0006	11552	1878.07.20_TheLeedsMercury	136554
1878.07.20_TheLeedsMercury_0007	9463	1878.07.20_TheLeedsMercury	136554
1878.07.20_TheLeedsMercury_0008	10909	1878.07.20_TheLeedsMercury	136554
1878.07.20_TheLeedsMercury_0009	10577	1878.07.20_TheLeedsMercury	136554
1878.07.20_TheLeedsMercury_0010	11336	1878.07.20_TheLeedsMercury	136554
1878.07.20_TheLeedsMercury_0011	12347	1878.07.20_TheLeedsMercury	136554
1878.07.20_TheLeedsMercury_0012	11853	1878.07.20_TheLeedsMercury	136554
1878.07.20_ThePallMallGazette_0001	1556	1878.07.20_ThePallMallGazette	36724
1878.07.20_ThePallMallGazette_0002	2023	1878.07.20_ThePallMallGazette	36724
1878.07.20_ThePallMallGazette_0003	2119	1878.07.20_ThePallMallGazette	36724
1878.07.20_ThePallMallGazette_0004	2242	1878.07.20_ThePallMallGazette	36724
1878.07.20_ThePallMallGazette_0005	2508	1878.07.20_ThePallMallGazette	36724
1878.07.20_ThePallMallGazette_0006	2380	1878.07.20_ThePallMallGazette	36724
1878.07.20_ThePallMallGazette_0007	2597	1878.07.20_ThePallMallGazette	36724
1878.07.20_ThePallMallGazette_0008	2328	1878.07.20_ThePallMallGazette	36724
1878.07.20_ThePallMallGazette_0009	3174	1878.07.20_ThePallMallGazette	36724
1878.07.20_ThePallMallGazette_0010	2089	1878.07.20_ThePallMallGazette	36724
1878.07.20_ThePallMallGazette_0011	2106	1878.07.20_ThePallMallGazette	36724
1878.07.20_ThePallMallGazette_0012	2506	1878.07.20_ThePallMallGazette	36724
1878.07.20_ThePallMallGazette_0013	1708	1878.07.20_ThePallMallGazette	36724
1878.07.20_ThePallMallGazette_0014	3764	1878.07.20_ThePallMallGazette	36724
1878.07.20_ThePallMallGazette_0015	2856	1878.07.20_ThePallMallGazette	36724
1878.07.20_ThePallMallGazette_0016	768	1878.07.20_ThePallMallGazette	36724
1878.07.20_Times_0001	9173	1878.07.20_Times	219664
1878.07.20_Times_0002	8111	1878.07.20_Times	219664
1878.07.20_Times_0003	10606	1878.07.20_Times	219664
1878.07.20_Times_0004	11493	1878.07.20_Times	219664
1878.07.20_Times_0005	11999	1878.07.20_Times	219664
1878.07.20_Times_0006	10958	1878.07.20_Times	219664
1878.07.20_Times_0007	9497	1878.07.20_Times	219664
1878.07.20_Times_0008	11264	1878.07.20_Times	219664
1878.07.20_Times_0009	9948	1878.07.20_Times	219664
1878.07.20_Times_0010	11582	1878.07.20_Times	219664
1878.07.20_Times_0011	8315	1878.07.20_Times	219664
1878.07.20_Times_0012	9289	1878.07.20_Times	219664
1878.07.20_Times_0013	10732	1878.07.20_Times	219664
1878.07.20_Times_0014	11504	1878.07.20_Times	219664
1878.07.20_Times_0015	12304	1878.07.20_Times	219664
1878.07.20_Times_0016	11086	1878.07.20_Times	219664
1878.07.20_Times_0017	12297	1878.07.20_Times	219664
1878.07.20_Times_0018	12699	1878.07.20_Times	219664
1878.07.20_Times_0019	13762	1878.07.20_Times	219664
1878.07.20_Times_0020	13045	1878.07.20_Times	219664
1878.07.20_WesternMail_0001	13785	1878.07.20_WesternMail	63390
1878.07.20_WesternMail_0002	14163	1878.07.20_WesternMail	63390
1878.07.20_WesternMail_0003	17994	1878.07.20_WesternMail	63390
1878.07.20_WesternMail_0004	17448	1878.07.20_WesternMail	63390
1878.07.20_YGoleuad_0001	1556	1878.07.20_YGoleuad	40281
1878.07.20_YGoleuad_0002	1856	1878.07.20_YGoleuad	40281
1878.07.20_YGoleuad_0003	2146	1878.07.20_YGoleuad	40281
1878.07.20_YGoleuad_0004	3055	1878.07.20_YGoleuad	40281
1878.07.20_YGoleuad_0005	2873	1878.07.20_YGoleuad	40281
1878.07.20_YGoleuad_0006	3086	1878.07.20_YGoleuad	40281
1878.07.20_YGoleuad_0007	2536	1878.07.20_YGoleuad	40281
1878.07.20_YGoleuad_0008	2136	1878.07.20_YGoleuad	40281
1878.07.20_YGoleuad_0009	2754	1878.07.20_YGoleuad	40281
1878.07.20_YGoleuad_0010	3160	1878.07.20_YGoleuad	40281
1878.07.20_YGoleuad_0011	2878	1878.07.20_YGoleuad	40281
1878.07.20_YGoleuad_0012	2759	1878.07.20_YGoleuad	40281
1878.07.20_YGoleuad_0013	2913	1878.07.20_YGoleuad	40281
1878.07.20_YGoleuad_0014	2628	1878.07.20_YGoleuad	40281
1878.07.20_YGoleuad_0015	2388	1878.07.20_YGoleuad	40281
1878.07.20_YGoleuad_0016	1557	1878.07.20_YGoleuad	40281
1878.07.21_Lloyd'sWeeklyNewspaper_0001	6391	1878.07.21_Lloyd'sWeeklyNewspaper	88912
1878.07.21_Lloyd'sWeeklyNewspaper_0002	7491	1878.07.21_Lloyd'sWeeklyNewspaper	88912
1878.07.21_Lloyd'sWeeklyNewspaper_0003	7647	1878.07.21_Lloyd'sWeeklyNewspaper	88912
1878.07.21_Lloyd'sWeeklyNewspaper_0004	7506	1878.07.21_Lloyd'sWeeklyNewspaper	88912
1878.07.21_Lloyd'sWeeklyNewspaper_0005	7307	1878.07.21_Lloyd'sWeeklyNewspaper	88912
1878.07.21_Lloyd'sWeeklyNewspaper_0006	6232	1878.07.21_Lloyd'sWeeklyNewspaper	88912
1878.07.21_Lloyd'sWeeklyNewspaper_0007	8026	1878.07.21_Lloyd'sWeeklyNewspaper	88912
1878.07.21_Lloyd'sWeeklyNewspaper_0008	7138	1878.07.21_Lloyd'sWeeklyNewspaper	88912
1878.07.21_Lloyd'sWeeklyNewspaper_0009	8022	1878.07.21_Lloyd'sWeeklyNewspaper	88912
1878.07.21_Lloyd'sWeeklyNewspaper_0010	8382	1878.07.21_Lloyd'sWeeklyNewspaper	88912
1878.07.21_Lloyd'sWeeklyNewspaper_0011	7928	1878.07.21_Lloyd'sWeeklyNewspaper	88912
1878.07.21_Lloyd'sWeeklyNewspaper_0012	6842	1878.07.21_Lloyd'sWeeklyNewspaper	88912
1878.07.21_Reynolds'sNewspaper_0001	9160	1878.07.21_Reynolds'sNewspaper	79001
1878.07.21_Reynolds'sNewspaper_0002	9678	1878.07.21_Reynolds'sNewspaper	79001
1878.07.21_Reynolds'sNewspaper_0003	9213	1878.07.21_Reynolds'sNewspaper	79001
1878.07.21_Reynolds'sNewspaper_0004	11063	1878.07.21_Reynolds'sNewspaper	79001
1878.07.21_Reynolds'sNewspaper_0005	9703	1878.07.21_Reynolds'sNewspaper	79001
1878.07.21_Reynolds'sNewspaper_0006	10962	1878.07.21_Reynolds'sNewspaper	79001
1878.07.21_Reynolds'sNewspaper_0007	8948	1878.07.21_Reynolds'sNewspaper	79001
1878.07.21_Reynolds'sNewspaper_0008	10274	1878.07.21_Reynolds'sNewspaper	79001
1878.07.21_TheEra_0001	3175	1878.07.21_TheEra	90709
1878.07.21_TheEra_0002	5581	1878.07.21_TheEra	90709
1878.07.21_TheEra_0003	6884	1878.07.21_TheEra	90709
1878.07.21_TheEra_0004	6654	1878.07.21_TheEra	90709
1878.07.21_TheEra_0005	6370	1878.07.21_TheEra	90709
1878.07.21_TheEra_0006	6687	1878.07.21_TheEra	90709
1878.07.21_TheEra_0007	7427	1878.07.21_TheEra	90709
1878.07.21_TheEra_0008	6190	1878.07.21_TheEra	90709
1878.07.21_TheEra_0009	5509	1878.07.21_TheEra	90709
1878.07.21_TheEra_0010	6803	1878.07.21_TheEra	90709
1878.07.21_TheEra_0011	4905	1878.07.21_TheEra	90709
1878.07.21_TheEra_0012	4474	1878.07.21_TheEra	90709
1878.07.21_TheEra_0013	4891	1878.07.21_TheEra	90709
1878.07.21_TheEra_0014	5284	1878.07.21_TheEra	90709
1878.07.21_TheEra_0015	5017	1878.07.21_TheEra	90709
1878.07.21_TheEra_0016	4858	1878.07.21_TheEra	90709
1878.07.22_AberdeenWeeklyJournal_0001	8339	1878.07.22_AberdeenWeeklyJournal	54855
1878.07.22_AberdeenWeeklyJournal_0002	14921	1878.07.22_AberdeenWeeklyJournal	54855
1878.07.22_AberdeenWeeklyJournal_0003	16428	1878.07.22_AberdeenWeeklyJournal	54855
1878.07.22_AberdeenWeeklyJournal_0004	15167	1878.07.22_AberdeenWeeklyJournal	54855
1878.07.22_DailyNews_0001	8390	1878.07.22_DailyNews	68187
1878.07.22_DailyNews_0002	10647	1878.07.22_DailyNews	68187
1878.07.22_DailyNews_0003	9906	1878.07.22_DailyNews	68187
1878.07.22_DailyNews_0004	9521	1878.07.22_DailyNews	68187
1878.07.22_DailyNews_0005	9573	1878.07.22_DailyNews	68187
1878.07.22_DailyNews_0006	10574	1878.07.22_DailyNews	68187
1878.07.22_DailyNews_0007	2467	1878.07.22_DailyNews	68187
1878.07.22_DailyNews_0008	7109	1878.07.22_DailyNews	68187
1878.07.22_Freeman'sJournalandDailyCommercialAdvertiser_0001	10374	1878.07.22_Freeman'sJournalandDailyCommercialAdvertiser	90115
1878.07.22_Freeman'sJournalandDailyCommercialAdvertiser_0002	12332	1878.07.22_Freeman'sJournalandDailyCommercialAdvertiser	90115
1878.07.22_Freeman'sJournalandDailyCommercialAdvertiser_0003	12569	1878.07.22_Freeman'sJournalandDailyCommercialAdvertiser	90115
1878.07.22_Freeman'sJournalandDailyCommercialAdvertiser_0004	7708	1878.07.22_Freeman'sJournalandDailyCommercialAdvertiser	90115
1878.07.22_Freeman'sJournalandDailyCommercialAdvertiser_0005	10204	1878.07.22_Freeman'sJournalandDailyCommercialAdvertiser	90115
1878.07.22_Freeman'sJournalandDailyCommercialAdvertiser_0006	12585	1878.07.22_Freeman'sJournalandDailyCommercialAdvertiser	90115
1878.07.22_Freeman'sJournalandDailyCommercialAdvertiser_0007	12730	1878.07.22_Freeman'sJournalandDailyCommercialAdvertiser	90115
1878.07.22_Freeman'sJournalandDailyCommercialAdvertiser_0008	11613	1878.07.22_Freeman'sJournalandDailyCommercialAdvertiser	90115
1878.07.22_GlasgowHerald_0001	12810	1878.07.22_GlasgowHerald	102934
1878.07.22_GlasgowHerald_0002	9261	1878.07.22_GlasgowHerald	102934
1878.07.22_GlasgowHerald_0003	9927	1878.07.22_GlasgowHerald	102934
1878.07.22_GlasgowHerald_0004	13113	1878.07.22_GlasgowHerald	102934
1878.07.22_GlasgowHerald_0005	15758	1878.07.22_GlasgowHerald	102934
1878.07.22_GlasgowHerald_0006	15567	1878.07.22_GlasgowHerald	102934
1878.07.22_GlasgowHerald_0007	14234	1878.07.22_GlasgowHerald	102934
1878.07.22_GlasgowHerald_0008	12264	1878.07.22_GlasgowHerald	102934
1878.07.22_LiverpoolMercuryetc_0001	12141	1878.07.22_LiverpoolMercuryetc	121268
1878.07.22_LiverpoolMercuryetc_0002	16041	1878.07.22_LiverpoolMercuryetc	121268
1878.07.22_LiverpoolMercuryetc_0003	16705	1878.07.22_LiverpoolMercuryetc	121268
1878.07.22_LiverpoolMercuryetc_0004	14751	1878.07.22_LiverpoolMercuryetc	121268
1878.07.22_LiverpoolMercuryetc_0005	15370	1878.07.22_LiverpoolMercuryetc	121268
1878.07.22_LiverpoolMercuryetc_0006	13644	1878.07.22_LiverpoolMercuryetc	121268
1878.07.22_LiverpoolMercuryetc_0007	16474	1878.07.22_LiverpoolMercuryetc	121268
1878.07.22_LiverpoolMercuryetc_0008	16142	1878.07.22_LiverpoolMercuryetc	121268
1878.07.22_NorthernEcho_0001	6840	1878.07.22_NorthernEcho	34767
1878.07.22_NorthernEcho_0002	8676	1878.07.22_NorthernEcho	34767
1878.07.22_NorthernEcho_0003	9585	1878.07.22_NorthernEcho	34767
1878.07.22_NorthernEcho_0004	9666	1878.07.22_NorthernEcho	34767
1878.07.22_TheLeedsMercury_0001	10813	1878.07.22_TheLeedsMercury	47819
1878.07.22_TheLeedsMercury_0002	11822	1878.07.22_TheLeedsMercury	47819
1878.07.22_TheLeedsMercury_0003	12131	1878.07.22_TheLeedsMercury	47819
1878.07.22_TheLeedsMercury_0004	13053	1878.07.22_TheLeedsMercury	47819
1878.07.22_ThePallMallGazette_0001	1602	1878.07.22_ThePallMallGazette	37432
1878.07.22_ThePallMallGazette_0002	2125	1878.07.22_ThePallMallGazette	37432
1878.07.22_ThePallMallGazette_0003	2719	1878.07.22_ThePallMallGazette	37432
1878.07.22_ThePallMallGazette_0004	2140	1878.07.22_ThePallMallGazette	37432
1878.07.22_ThePallMallGazette_0005	2205	1878.07.22_ThePallMallGazette	37432
1878.07.22_ThePallMallGazette_0006	2303	1878.07.22_ThePallMallGazette	37432
1878.07.22_ThePallMallGazette_0007	2684	1878.07.22_ThePallMallGazette	37432
1878.07.22_ThePallMallGazette_0008	2278	1878.07.22_ThePallMallGazette	37432
1878.07.22_ThePallMallGazette_0009	2800	1878.07.22_ThePallMallGazette	37432
1878.07.22_ThePallMallGazette_0010	2220	1878.07.22_ThePallMallGazette	37432
1878.07.22_ThePallMallGazette_0011	2052	1878.07.22_ThePallMallGazette	37432
1878.07.22_ThePallMallGazette_0012	2192	1878.07.22_ThePallMallGazette	37432
1878.07.22_ThePallMallGazette_0013	3246	1878.07.22_ThePallMallGazette	37432
1878.07.22_ThePallMallGazette_0014	2082	1878.07.22_ThePallMallGazette	37432
1878.07.22_ThePallMallGazette_0015	2135	1878.07.22_ThePallMallGazette	37432
1878.07.22_ThePallMallGazette_0016	2649	1878.07.22_ThePallMallGazette	37432
1878.07.22_Times_0001	11384	1878.07.22_Times	179533
1878.07.22_Times_0002	11249	1878.07.22_Times	179533
1878.07.22_Times_0003	10343	1878.07.22_Times	179533
1878.07.22_Times_0004	12275	1878.07.22_Times	179533
1878.07.22_Times_0005	8032	1878.07.22_Times	179533
1878.07.22_Times_0006	10619	1878.07.22_Times	179533
1878.07.22_Times_0007	10473	1878.07.22_Times	179533
1878.07.22_Times_0008	10735	1878.07.22_Times	179533
1878.07.22_Times_0009	8451	1878.07.22_Times	179533
1878.07.22_Times_0010	12080	1878.07.22_Times	179533
1878.07.22_Times_0011	9943	1878.07.22_Times	179533
1878.07.22_Times_0012	11412	1878.07.22_Times	179533
1878.07.22_Times_0013	12266	1878.07.22_Times	179533
1878.07.22_Times_0014	12956	1878.07.22_Times	179533
1878.07.22_Times_0015	12451	1878.07.22_Times	179533
1878.07.22_Times_0016	14864	1878.07.22_Times	179533
1878.07.22_WesternMail_0001	12555	1878.07.22_WesternMail	60250
1878.07.22_WesternMail_0002	13436	1878.07.22_WesternMail	60250
1878.07.22_WesternMail_0003	18368	1878.07.22_WesternMail	60250
1878.07.22_WesternMail_0004	15891	1878.07.22_WesternMail	60250
1878.07.23_AberdeenWeeklyJournal_0001	7901	1878.07.23_AberdeenWeeklyJournal	56276
1878.07.23_AberdeenWeeklyJournal_0002	15648	1878.07.23_AberdeenWeeklyJournal	56276
1878.07.23_AberdeenWeeklyJournal_0003	16768	1878.07.23_AberdeenWeeklyJournal	56276
1878.07.23_AberdeenWeeklyJournal_0004	15959	1878.07.23_AberdeenWeeklyJournal	56276
1878.07.23_DailyNews_0001	8930	1878.07.23_DailyNews	89361
1878.07.23_DailyNews_0002	13527	1878.07.23_DailyNews	89361
1878.07.23_DailyNews_0003	13543	1878.07.23_DailyNews	89361
1878.07.23_DailyNews_0004	12157	1878.07.23_DailyNews	89361
1878.07.23_DailyNews_0005	10270	1878.07.23_DailyNews	89361
1878.07.23_DailyNews_0006	14147	1878.07.23_DailyNews	89361
1878.07.23_DailyNews_0007	10469	1878.07.23_DailyNews	89361
1878.07.23_DailyNews_0008	6318	1878.07.23_DailyNews	89361
1878.07.23_Freeman'sJournalandDailyCommercialAdvertiser_0001	10841	1878.07.23_Freeman'sJournalandDailyCommercialAdvertiser	88721
1878.07.23_Freeman'sJournalandDailyCommercialAdvertiser_0002	12842	1878.07.23_Freeman'sJournalandDailyCommercialAdvertiser	88721
1878.07.23_Freeman'sJournalandDailyCommercialAdvertiser_0003	12314	1878.07.23_Freeman'sJournalandDailyCommercialAdvertiser	88721
1878.07.23_Freeman'sJournalandDailyCommercialAdvertiser_0004	6818	1878.07.23_Freeman'sJournalandDailyCommercialAdvertiser	88721
1878.07.23_Freeman'sJournalandDailyCommercialAdvertiser_0005	10010	1878.07.23_Freeman'sJournalandDailyCommercialAdvertiser	88721
1878.07.23_Freeman'sJournalandDailyCommercialAdvertiser_0006	12311	1878.07.23_Freeman'sJournalandDailyCommercialAdvertiser	88721
1878.07.23_Freeman'sJournalandDailyCommercialAdvertiser_0007	12979	1878.07.23_Freeman'sJournalandDailyCommercialAdvertiser	88721
1878.07.23_Freeman'sJournalandDailyCommercialAdvertiser_0008	10606	1878.07.23_Freeman'sJournalandDailyCommercialAdvertiser	88721
1878.07.23_GlasgowHerald_0001	11554	1878.07.23_GlasgowHerald	100523
1878.07.23_GlasgowHerald_0002	12568	1878.07.23_GlasgowHerald	100523
1878.07.23_GlasgowHerald_0003	14066	1878.07.23_GlasgowHerald	100523
1878.07.23_GlasgowHerald_0004	10825	1878.07.23_GlasgowHerald	100523
1878.07.23_GlasgowHerald_0005	13245	1878.07.23_GlasgowHerald	100523
1878.07.23_GlasgowHerald_0006	12988	1878.07.23_GlasgowHerald	100523
1878.07.23_GlasgowHerald_0007	12522	1878.07.23_GlasgowHerald	100523
1878.07.23_GlasgowHerald_0008	12755	1878.07.23_GlasgowHerald	100523
1878.07.23_LiverpoolMercuryetc_0001	12159	1878.07.23_LiverpoolMercuryetc	123258
1878.07.23_LiverpoolMercuryetc_0002	16698	1878.07.23_LiverpoolMercuryetc	123258
1878.07.23_LiverpoolMercuryetc_0003	16493	1878.07.23_LiverpoolMercuryetc	123258
1878.07.23_LiverpoolMercuryetc_0004	17000	1878.07.23_LiverpoolMercuryetc	123258
1878.07.23_LiverpoolMercuryetc_0005	16221	1878.07.23_LiverpoolMercuryetc	123258
1878.07.23_LiverpoolMercuryetc_0006	13526	1878.07.23_LiverpoolMercuryetc	123258
1878.07.23_LiverpoolMercuryetc_0007	15485	1878.07.23_LiverpoolMercuryetc	123258
1878.07.23_LiverpoolMercuryetc_0008	15676	1878.07.23_LiverpoolMercuryetc	123258
1878.07.23_NorthernEcho_0001	6876	1878.07.23_NorthernEcho	32895
1878.07.23_NorthernEcho_0002	7976	1878.07.23_NorthernEcho	32895
1878.07.23_NorthernEcho_0003	8964	1878.07.23_NorthernEcho	32895
1878.07.23_NorthernEcho_0004	9079	1878.07.23_NorthernEcho	32895
1878.07.23_TheIpswichJournal_0001	5253	1878.07.23_TheIpswichJournal	37422
1878.07.23_TheIpswichJournal_0002	9931	1878.07.23_TheIpswichJournal	37422
1878.07.23_TheIpswichJournal_0003	10629	1878.07.23_TheIpswichJournal	37422
1878.07.23_TheIpswichJournal_0004	11609	1878.07.23_TheIpswichJournal	37422
1878.07.23_TheLeedsMercury_0001	9322	1878.07.23_TheLeedsMercury	87413
1878.07.23_TheLeedsMercury_0002	11564	1878.07.23_TheLeedsMercury	87413
1878.07.23_TheLeedsMercury_0003	10336	1878.07.23_TheLeedsMercury	87413
1878.07.23_TheLeedsMercury_0004	10539	1878.07.23_TheLeedsMercury	87413
1878.07.23_TheLeedsMercury_0005	10282	1878.07.23_TheLeedsMercury	87413
1878.07.23_TheLeedsMercury_0006	11837	1878.07.23_TheLeedsMercury	87413
1878.07.23_TheLeedsMercury_0007	12253	1878.07.23_TheLeedsMercury	87413
1878.07.23_TheLeedsMercury_0008	11280	1878.07.23_TheLeedsMercury	87413
1878.07.23_ThePallMallGazette_0001	1510	1878.07.23_ThePallMallGazette	35488
1878.07.23_ThePallMallGazette_0002	1843	1878.07.23_ThePallMallGazette	35488
1878.07.23_ThePallMallGazette_0003	2099	1878.07.23_ThePallMallGazette	35488
1878.07.23_ThePallMallGazette_0004	2167	1878.07.23_ThePallMallGazette	35488
1878.07.23_ThePallMallGazette_0005	2627	1878.07.23_ThePallMallGazette	35488
1878.07.23_ThePallMallGazette_0006	2393	1878.07.23_ThePallMallGazette	35488
1878.07.23_ThePallMallGazette_0007	2706	1878.07.23_ThePallMallGazette	35488
1878.07.23_ThePallMallGazette_0008	2342	1878.07.23_ThePallMallGazette	35488
1878.07.23_ThePallMallGazette_0009	2863	1878.07.23_ThePallMallGazette	35488
1878.07.23_ThePallMallGazette_0010	2194	1878.07.23_ThePallMallGazette	35488
1878.07.23_ThePallMallGazette_0011	2156	1878.07.23_ThePallMallGazette	35488
1878.07.23_ThePallMallGazette_0012	2208	1878.07.23_ThePallMallGazette	35488
1878.07.23_ThePallMallGazette_0013	3207	1878.07.23_ThePallMallGazette	35488
1878.07.23_ThePallMallGazette_0014	2676	1878.07.23_ThePallMallGazette	35488
1878.07.23_ThePallMallGazette_0015	1738	1878.07.23_ThePallMallGazette	35488
1878.07.23_ThePallMallGazette_0016	759	1878.07.23_ThePallMallGazette	35488
1878.07.23_Times_0001	10834	1878.07.23_Times	175529
1878.07.23_Times_0002	12632	1878.07.23_Times	175529
1878.07.23_Times_0003	11141	1878.07.23_Times	175529
1878.07.23_Times_0004	11470	1878.07.23_Times	175529
1878.07.23_Times_0005	9659	1878.07.23_Times	175529
1878.07.23_Times_0006	8774	1878.07.23_Times	175529
1878.07.23_Times_0007	13283	1878.07.23_Times	175529
1878.07.23_Times_0008	9230	1878.07.23_Times	175529
1878.07.23_Times_0009	7933	1878.07.23_Times	175529
1878.07.23_Times_0010	9162	1878.07.23_Times	175529
1878.07.23_Times_0011	11297	1878.07.23_Times	175529
1878.07.23_Times_0012	11555	1878.07.23_Times	175529
1878.07.23_Times_0013	13667	1878.07.23_Times	175529
1878.07.23_Times_0014	11874	1878.07.23_Times	175529
1878.07.23_Times_0015	10317	1878.07.23_Times	175529
1878.07.23_Times_0016	12701	1878.07.23_Times	175529
1878.07.23_WesternMail_0001	12677	1878.07.23_WesternMail	60300
1878.07.23_WesternMail_0002	14091	1878.07.23_WesternMail	60300
1878.07.23_WesternMail_0003	17556	1878.07.23_WesternMail	60300
1878.07.23_WesternMail_0004	15976	1878.07.23_WesternMail	60300
1878.07.24_AberdeenWeeklyJournal_0001	8176	1878.07.24_AberdeenWeeklyJournal	80941
1878.07.24_AberdeenWeeklyJournal_0002	4885	1878.07.24_AberdeenWeeklyJournal	80941
1878.07.24_AberdeenWeeklyJournal_0003	8033	1878.07.24_AberdeenWeeklyJournal	80941
1878.07.24_AberdeenWeeklyJournal_0004	10572	1878.07.24_AberdeenWeeklyJournal	80941
1878.07.24_AberdeenWeeklyJournal_0005	12317	1878.07.24_AberdeenWeeklyJournal	80941
1878.07.24_AberdeenWeeklyJournal_0006	12413	1878.07.24_AberdeenWeeklyJournal	80941
1878.07.24_AberdeenWeeklyJournal_0007	11932	1878.07.24_AberdeenWeeklyJournal	80941
1878.07.24_AberdeenWeeklyJournal_0008	12613	1878.07.24_AberdeenWeeklyJournal	80941
1878.07.24_BaneracAmserauCymru_0001	2664	1878.07.24_BaneracAmserauCymru	68904
1878.07.24_BaneracAmserauCymru_0002	4192	1878.07.24_BaneracAmserauCymru	68904
1878.07.24_BaneracAmserauCymru_0003	3095	1878.07.24_BaneracAmserauCymru	68904
1878.07.24_BaneracAmserauCymru_0004	5059	1878.07.24_BaneracAmserauCymru	68904
1878.07.24_BaneracAmserauCymru_0005	5090	1878.07.24_BaneracAmserauCymru	68904
1878.07.24_BaneracAmserauCymru_0006	4860	1878.07.24_BaneracAmserauCymru	68904
1878.07.24_BaneracAmserauCymru_0007	5095	1878.07.24_BaneracAmserauCymru	68904
1878.07.24_BaneracAmserauCymru_0008	4161	1878.07.24_BaneracAmserauCymru	68904
1878.07.24_BaneracAmserauCymru_0009	3604	1878.07.24_BaneracAmserauCymru	68904
1878.07.24_BaneracAmserauCymru_0010	5158	1878.07.24_BaneracAmserauCymru	68904
1878.07.24_BaneracAmserauCymru_0011	4499	1878.07.24_BaneracAmserauCymru	68904
1878.07.24_BaneracAmserauCymru_0012	4362	1878.07.24_BaneracAmserauCymru	68904
1878.07.24_BaneracAmserauCymru_0013	5728	1878.07.24_BaneracAmserauCymru	68904
1878.07.24_BaneracAmserauCymru_0014	5030	1878.07.24_BaneracAmserauCymru	68904
1878.07.24_BaneracAmserauCymru_0015	3529	1878.07.24_BaneracAmserauCymru	68904
1878.07.24_BaneracAmserauCymru_0016	2778	1878.07.24_BaneracAmserauCymru	68904
1878.07.24_DailyNews_0001	7106	1878.07.24_DailyNews	68898
1878.07.24_DailyNews_0002	10488	1878.07.24_DailyNews	68898
1878.07.24_DailyNews_0003	11016	1878.07.24_DailyNews	68898
1878.07.24_DailyNews_0004	8436	1878.07.24_DailyNews	68898
1878.07.24_DailyNews_0005	8677	1878.07.24_DailyNews	68898
1878.07.24_DailyNews_0006	9971	1878.07.24_DailyNews	68898
1878.07.24_DailyNews_0007	5182	1878.07.24_DailyNews	68898
1878.07.24_DailyNews_0008	8022	1878.07.24_DailyNews	68898
1878.07.24_Freeman'sJournalandDailyCommercialAdvertiser_0001	10649	1878.07.24_Freeman'sJournalandDailyCommercialAdvertiser	90374
1878.07.24_Freeman'sJournalandDailyCommercialAdvertiser_0002	12717	1878.07.24_Freeman'sJournalandDailyCommercialAdvertiser	90374
1878.07.24_Freeman'sJournalandDailyCommercialAdvertiser_0003	12413	1878.07.24_Freeman'sJournalandDailyCommercialAdvertiser	90374
1878.07.24_Freeman'sJournalandDailyCommercialAdvertiser_0004	7377	1878.07.24_Freeman'sJournalandDailyCommercialAdvertiser	90374
1878.07.24_Freeman'sJournalandDailyCommercialAdvertiser_0005	10258	1878.07.24_Freeman'sJournalandDailyCommercialAdvertiser	90374
1878.07.24_Freeman'sJournalandDailyCommercialAdvertiser_0006	12449	1878.07.24_Freeman'sJournalandDailyCommercialAdvertiser	90374
1878.07.24_Freeman'sJournalandDailyCommercialAdvertiser_0007	12907	1878.07.24_Freeman'sJournalandDailyCommercialAdvertiser	90374
1878.07.24_Freeman'sJournalandDailyCommercialAdvertiser_0008	11604	1878.07.24_Freeman'sJournalandDailyCommercialAdvertiser	90374
1878.07.24_GlasgowHerald_0001	12521	1878.07.24_GlasgowHerald	107965
1878.07.24_GlasgowHerald_0002	10837	1878.07.24_GlasgowHerald	107965
1878.07.24_GlasgowHerald_0003	13403	1878.07.24_GlasgowHerald	107965
1878.07.24_GlasgowHerald_0004	13594	1878.07.24_GlasgowHerald	107965
1878.07.24_GlasgowHerald_0005	15334	1878.07.24_GlasgowHerald	107965
1878.07.24_GlasgowHerald_0006	15209	1878.07.24_GlasgowHerald	107965
1878.07.24_GlasgowHerald_0007	15004	1878.07.24_GlasgowHerald	107965
1878.07.24_GlasgowHerald_0008	12063	1878.07.24_GlasgowHerald	107965
1878.07.24_HampshireTelegraphandSussexChronicleetc_0001	9596	1878.07.24_HampshireTelegraphandSussexChronicleetc	60643
1878.07.24_HampshireTelegraphandSussexChronicleetc_0002	15403	1878.07.24_HampshireTelegraphandSussexChronicleetc	60643
1878.07.24_HampshireTelegraphandSussexChronicleetc_0003	17800	1878.07.24_HampshireTelegraphandSussexChronicleetc	60643
1878.07.24_HampshireTelegraphandSussexChronicleetc_0004	17844	1878.07.24_HampshireTelegraphandSussexChronicleetc	60643
1878.07.24_LiverpoolMercuryetc_0001	11981	1878.07.24_LiverpoolMercuryetc	121017
1878.07.24_LiverpoolMercuryetc_0002	16808	1878.07.24_LiverpoolMercuryetc	121017
1878.07.24_LiverpoolMercuryetc_0003	16498	1878.07.24_LiverpoolMercuryetc	121017
1878.07.24_LiverpoolMercuryetc_0004	15326	1878.07.24_LiverpoolMercuryetc	121017
1878.07.24_LiverpoolMercuryetc_0005	15721	1878.07.24_LiverpoolMercuryetc	121017
1878.07.24_LiverpoolMercuryetc_0006	13716	1878.07.24_LiverpoolMercuryetc	121017
1878.07.24_LiverpoolMercuryetc_0007	15473	1878.07.24_LiverpoolMercuryetc	121017
1878.07.24_LiverpoolMercuryetc_0008	15494	1878.07.24_LiverpoolMercuryetc	121017
1878.07.24_NorthernEcho_0001	6703	1878.07.24_NorthernEcho	32875
1878.07.24_NorthernEcho_0002	8620	1878.07.24_NorthernEcho	32875
1878.07.24_NorthernEcho_0003	8369	1878.07.24_NorthernEcho	32875
1878.07.24_NorthernEcho_0004	9183	1878.07.24_NorthernEcho	32875
1878.07.24_TheDerbyMercury_0001	9686	1878.07.24_TheDerbyMercury	108641
1878.07.24_TheDerbyMercury_0002	17395	1878.07.24_TheDerbyMercury	108641
1878.07.24_TheDerbyMercury_0003	16475	1878.07.24_TheDerbyMercury	108641
1878.07.24_TheDerbyMercury_0004	5560	1878.07.24_TheDerbyMercury	108641
1878.07.24_TheDerbyMercury_0005	13319	1878.07.24_TheDerbyMercury	108641
1878.07.24_TheDerbyMercury_0006	16107	1878.07.24_TheDerbyMercury	108641
1878.07.24_TheDerbyMercury_0007	15158	1878.07.24_TheDerbyMercury	108641
1878.07.24_TheDerbyMercury_0008	14941	1878.07.24_TheDerbyMercury	108641
1878.07.24_TheLeedsMercury_0001	9242	1878.07.24_TheLeedsMercury	88735
1878.07.24_TheLeedsMercury_0002	11242	1878.07.24_TheLeedsMercury	88735
1878.07.24_TheLeedsMercury_0003	12177	1878.07.24_TheLeedsMercury	88735
1878.07.24_TheLeedsMercury_0004	10214	1878.07.24_TheLeedsMercury	88735
1878.07.24_TheLeedsMercury_0005	9948	1878.07.24_TheLeedsMercury	88735
1878.07.24_TheLeedsMercury_0006	12925	1878.07.24_TheLeedsMercury	88735
1878.07.24_TheLeedsMercury_0007	11488	1878.07.24_TheLeedsMercury	88735
1878.07.24_TheLeedsMercury_0008	11499	1878.07.24_TheLeedsMercury	88735
1878.07.24_ThePallMallGazette_0001	1577	1878.07.24_ThePallMallGazette	35019
1878.07.24_ThePallMallGazette_0002	1891	1878.07.24_ThePallMallGazette	35019
1878.07.24_ThePallMallGazette_0003	2214	1878.07.24_ThePallMallGazette	35019
1878.07.24_ThePallMallGazette_0004	2077	1878.07.24_ThePallMallGazette	35019
1878.07.24_ThePallMallGazette_0005	2723	1878.07.24_ThePallMallGazette	35019
1878.07.24_ThePallMallGazette_0006	2347	1878.07.24_ThePallMallGazette	35019
1878.07.24_ThePallMallGazette_0007	2562	1878.07.24_ThePallMallGazette	35019
1878.07.24_ThePallMallGazette_0008	2043	1878.07.24_ThePallMallGazette	35019
1878.07.24_ThePallMallGazette_0009	2903	1878.07.24_ThePallMallGazette	35019
1878.07.24_ThePallMallGazette_0010	2175	1878.07.24_ThePallMallGazette	35019
1878.07.24_ThePallMallGazette_0011	2232	1878.07.24_ThePallMallGazette	35019
1878.07.24_ThePallMallGazette_0012	2285	1878.07.24_ThePallMallGazette	35019
1878.07.24_ThePallMallGazette_0013	958	1878.07.24_ThePallMallGazette	35019
1878.07.24_ThePallMallGazette_0014	3119	1878.07.24_ThePallMallGazette	35019
1878.07.24_ThePallMallGazette_0015	2251	1878.07.24_ThePallMallGazette	35019
1878.07.24_ThePallMallGazette_0016	1662	1878.07.24_ThePallMallGazette	35019
1878.07.24_Times_0001	10846	1878.07.24_Times	178350
1878.07.24_Times_0002	11678	1878.07.24_Times	178350
1878.07.24_Times_0003	10452	1878.07.24_Times	178350
1878.07.24_Times_0004	12051	1878.07.24_Times	178350
1878.07.24_Times_0005	9023	1878.07.24_Times	178350
1878.07.24_Times_0006	36459	1878.07.24_Times	178350
1878.07.24_Times_0007	0	1878.07.24_Times	178350
1878.07.24_Times_0008	333	1878.07.24_Times	178350
1878.07.24_Times_0009	10280	1878.07.24_Times	178350
1878.07.24_Times_0010	8785	1878.07.24_Times	178350
1878.07.24_Times_0011	10032	1878.07.24_Times	178350
1878.07.24_Times_0012	8269	1878.07.24_Times	178350
1878.07.24_Times_0013	12068	1878.07.24_Times	178350
1878.07.24_Times_0014	11040	1878.07.24_Times	178350
1878.07.24_Times_0015	12543	1878.07.24_Times	178350
1878.07.24_Times_0016	14491	1878.07.24_Times	178350
1878.07.24_Trewman'sExeterFlyingPostorPlymouthandCornishAdvertiser_0001	8649	1878.07.24_Trewman'sExeterFlyingPostorPlymouthandCornishAdvertiser	88542
1878.07.24_Trewman'sExeterFlyingPostorPlymouthandCornishAdvertiser_0002	9027	1878.07.24_Trewman'sExeterFlyingPostorPlymouthandCornishAdvertiser	88542
1878.07.24_Trewman'sExeterFlyingPostorPlymouthandCornishAdvertiser_0003	12808	1878.07.24_Trewman'sExeterFlyingPostorPlymouthandCornishAdvertiser	88542
1878.07.24_Trewman'sExeterFlyingPostorPlymouthandCornishAdvertiser_0004	6477	1878.07.24_Trewman'sExeterFlyingPostorPlymouthandCornishAdvertiser	88542
1878.07.24_Trewman'sExeterFlyingPostorPlymouthandCornishAdvertiser_0005	11776	1878.07.24_Trewman'sExeterFlyingPostorPlymouthandCornishAdvertiser	88542
1878.07.24_Trewman'sExeterFlyingPostorPlymouthandCornishAdvertiser_0006	14837	1878.07.24_Trewman'sExeterFlyingPostorPlymouthandCornishAdvertiser	88542
1878.07.24_Trewman'sExeterFlyingPostorPlymouthandCornishAdvertiser_0007	13078	1878.07.24_Trewman'sExeterFlyingPostorPlymouthandCornishAdvertiser	88542
1878.07.24_Trewman'sExeterFlyingPostorPlymouthandCornishAdvertiser_0008	11890	1878.07.24_Trewman'sExeterFlyingPostorPlymouthandCornishAdvertiser	88542
1878.07.24_WesternMail_0001	13474	1878.07.24_WesternMail	59666
1878.07.24_WesternMail_0002	13370	1878.07.24_WesternMail	59666
1878.07.24_WesternMail_0003	17661	1878.07.24_WesternMail	59666
1878.07.24_WesternMail_0004	15161	1878.07.24_WesternMail	59666
1878.07.25_AberdeenWeeklyJournal_0001	10394	1878.07.25_AberdeenWeeklyJournal	55527
1878.07.25_AberdeenWeeklyJournal_0002	14838	1878.07.25_AberdeenWeeklyJournal	55527
1878.07.25_AberdeenWeeklyJournal_0003	17070	1878.07.25_AberdeenWeeklyJournal	55527
1878.07.25_AberdeenWeeklyJournal_0004	13225	1878.07.25_AberdeenWeeklyJournal	55527
1878.07.25_DailyNews_0001	12033	1878.07.25_DailyNews	87689
1878.07.25_DailyNews_0002	12049	1878.07.25_DailyNews	87689
1878.07.25_DailyNews_0003	10193	1878.07.25_DailyNews	87689
1878.07.25_DailyNews_0004	10389	1878.07.25_DailyNews	87689
1878.07.25_DailyNews_0005	8755	1878.07.25_DailyNews	87689
1878.07.25_DailyNews_0006	11351	1878.07.25_DailyNews	87689
1878.07.25_DailyNews_0007	10119	1878.07.25_DailyNews	87689
1878.07.25_DailyNews_0008	12800	1878.07.25_DailyNews	87689
1878.07.25_Freeman'sJournalandDailyCommercialAdvertiser_0001	10670	1878.07.25_Freeman'sJournalandDailyCommercialAdvertiser	87321
1878.07.25_Freeman'sJournalandDailyCommercialAdvertiser_0002	12174	1878.07.25_Freeman'sJournalandDailyCommercialAdvertiser	87321
1878.07.25_Freeman'sJournalandDailyCommercialAdvertiser_0003	12198	1878.07.25_Freeman'sJournalandDailyCommercialAdvertiser	87321
1878.07.25_Freeman'sJournalandDailyCommercialAdvertiser_0004	5879	1878.07.25_Freeman'sJournalandDailyCommercialAdvertiser	87321
1878.07.25_Freeman'sJournalandDailyCommercialAdvertiser_0005	10591	1878.07.25_Freeman'sJournalandDailyCommercialAdvertiser	87321
1878.07.25_Freeman'sJournalandDailyCommercialAdvertiser_0006	11735	1878.07.25_Freeman'sJournalandDailyCommercialAdvertiser	87321
1878.07.25_Freeman'sJournalandDailyCommercialAdvertiser_0007	12884	1878.07.25_Freeman'sJournalandDailyCommercialAdvertiser	87321
1878.07.25_Freeman'sJournalandDailyCommercialAdvertiser_0008	11190	1878.07.25_Freeman'sJournalandDailyCommercialAdvertiser	87321
1878.07.25_GlasgowHerald_0001	11241	1878.07.25_GlasgowHerald	98771
1878.07.25_GlasgowHerald_0002	9940	1878.07.25_GlasgowHerald	98771
1878.07.25_GlasgowHerald_0003	13633	1878.07.25_GlasgowHerald	98771
1878.07.25_GlasgowHerald_0004	11665	1878.07.25_GlasgowHerald	98771
1878.07.25_GlasgowHerald_0005	14139	1878.07.25_GlasgowHerald	98771
1878.07.25_GlasgowHerald_0006	12838	1878.07.25_GlasgowHerald	98771
1878.07.25_GlasgowHerald_0007	14926	1878.07.25_GlasgowHerald	98771
1878.07.25_GlasgowHerald_0008	10389	1878.07.25_GlasgowHerald	98771
1878.07.25_LiverpoolMercuryetc_0001	12546	1878.07.25_LiverpoolMercuryetc	121588
1878.07.25_LiverpoolMercuryetc_0002	17227	1878.07.25_LiverpoolMercuryetc	121588
1878.07.25_LiverpoolMercuryetc_0003	16187	1878.07.25_LiverpoolMercuryetc	121588
1878.07.25_LiverpoolMercuryetc_0004	16194	1878.07.25_LiverpoolMercuryetc	121588
1878.07.25_LiverpoolMercuryetc_0005	15590	1878.07.25_LiverpoolMercuryetc	121588
1878.07.25_LiverpoolMercuryetc_0006	14075	1878.07.25_LiverpoolMercuryetc	121588
1878.07.25_LiverpoolMercuryetc_0007	13531	1878.07.25_LiverpoolMercuryetc	121588
1878.07.25_LiverpoolMercuryetc_0008	16238	1878.07.25_LiverpoolMercuryetc	121588
1878.07.25_NorthernEcho_0001	7065	1878.07.25_NorthernEcho	32875
1878.07.25_NorthernEcho_0002	8212	1878.07.25_NorthernEcho	32875
1878.07.25_NorthernEcho_0003	8379	1878.07.25_NorthernEcho	32875
1878.07.25_NorthernEcho_0004	9219	1878.07.25_NorthernEcho	32875
1878.07.25_TheLeedsMercury_0001	10027	1878.07.25_TheLeedsMercury	88424
1878.07.25_TheLeedsMercury_0002	10131	1878.07.25_TheLeedsMercury	88424
1878.07.25_TheLeedsMercury_0003	12170	1878.07.25_TheLeedsMercury	88424
1878.07.25_TheLeedsMercury_0004	9302	1878.07.25_TheLeedsMercury	88424
1878.07.25_TheLeedsMercury_0005	11588	1878.07.25_TheLeedsMercury	88424
1878.07.25_TheLeedsMercury_0006	12663	1878.07.25_TheLeedsMercury	88424
1878.07.25_TheLeedsMercury_0007	12171	1878.07.25_TheLeedsMercury	88424
1878.07.25_TheLeedsMercury_0008	10372	1878.07.25_TheLeedsMercury	88424
1878.07.25_ThePallMallGazette_0001	1601	1878.07.25_ThePallMallGazette	35020
1878.07.25_ThePallMallGazette_0002	1898	1878.07.25_ThePallMallGazette	35020
1878.07.25_ThePallMallGazette_0003	2645	1878.07.25_ThePallMallGazette	35020
1878.07.25_ThePallMallGazette_0004	2096	1878.07.25_ThePallMallGazette	35020
1878.07.25_ThePallMallGazette_0005	2262	1878.07.25_ThePallMallGazette	35020
1878.07.25_ThePallMallGazette_0006	2284	1878.07.25_ThePallMallGazette	35020
1878.07.25_ThePallMallGazette_0007	2358	1878.07.25_ThePallMallGazette	35020
1878.07.25_ThePallMallGazette_0008	2255	1878.07.25_ThePallMallGazette	35020
1878.07.25_ThePallMallGazette_0009	2845	1878.07.25_ThePallMallGazette	35020
1878.07.25_ThePallMallGazette_0010	2056	1878.07.25_ThePallMallGazette	35020
1878.07.25_ThePallMallGazette_0011	2154	1878.07.25_ThePallMallGazette	35020
1878.07.25_ThePallMallGazette_0012	2233	1878.07.25_ThePallMallGazette	35020
1878.07.25_ThePallMallGazette_0013	3082	1878.07.25_ThePallMallGazette	35020
1878.07.25_ThePallMallGazette_0014	2193	1878.07.25_ThePallMallGazette	35020
1878.07.25_ThePallMallGazette_0015	1700	1878.07.25_ThePallMallGazette	35020
1878.07.25_ThePallMallGazette_0016	1358	1878.07.25_ThePallMallGazette	35020
1878.07.25_Times_0001	10721	1878.07.25_Times	176276
1878.07.25_Times_0002	11957	1878.07.25_Times	176276
1878.07.25_Times_0003	9257	1878.07.25_Times	176276
1878.07.25_Times_0004	10863	1878.07.25_Times	176276
1878.07.25_Times_0005	9437	1878.07.25_Times	176276
1878.07.25_Times_0006	10607	1878.07.25_Times	176276
1878.07.25_Times_0007	10236	1878.07.25_Times	176276
1878.07.25_Times_0008	11718	1878.07.25_Times	176276
1878.07.25_Times_0009	8764	1878.07.25_Times	176276
1878.07.25_Times_0010	10243	1878.07.25_Times	176276
1878.07.25_Times_0011	11880	1878.07.25_Times	176276
1878.07.25_Times_0012	9734	1878.07.25_Times	176276
1878.07.25_Times_0013	13391	1878.07.25_Times	176276
1878.07.25_Times_0014	11292	1878.07.25_Times	176276
1878.07.25_Times_0015	11783	1878.07.25_Times	176276
1878.07.25_Times_0016	14393	1878.07.25_Times	176276
1878.07.25_WesternMail_0001	11578	1878.07.25_WesternMail	52616
1878.07.25_WesternMail_0002	12624	1878.07.25_WesternMail	52616
1878.07.25_WesternMail_0003	15856	1878.07.25_WesternMail	52616
1878.07.25_WesternMail_0004	12558	1878.07.25_WesternMail	52616
1878.07.25_YGenedlCymreig_0001	4395	1878.07.25_YGenedlCymreig	50163
1878.07.25_YGenedlCymreig_0002	3524	1878.07.25_YGenedlCymreig	50163
1878.07.25_YGenedlCymreig_0003	7206	1878.07.25_YGenedlCymreig	50163
1878.07.25_YGenedlCymreig_0004	6430	1878.07.25_YGenedlCymreig	50163
1878.07.25_YGenedlCymreig_0005	8981	1878.07.25_YGenedlCymreig	50163
1878.07.25_YGenedlCymreig_0006	6182	1878.07.25_YGenedlCymreig	50163
1878.07.25_YGenedlCymreig_0007	6368	1878.07.25_YGenedlCymreig	50163
1878.07.25_YGenedlCymreig_0008	7077	1878.07.25_YGenedlCymreig	50163
1878.07.26_AberdeenWeeklyJournal_0001	6433	1878.07.26_AberdeenWeeklyJournal	82420
1878.07.26_AberdeenWeeklyJournal_0002	7426	1878.07.26_AberdeenWeeklyJournal	82420
1878.07.26_AberdeenWeeklyJournal_0003	11568	1878.07.26_AberdeenWeeklyJournal	82420
1878.07.26_AberdeenWeeklyJournal_0004	10094	1878.07.26_AberdeenWeeklyJournal	82420
1878.07.26_AberdeenWeeklyJournal_0005	11327	1878.07.26_AberdeenWeeklyJournal	82420
1878.07.26_AberdeenWeeklyJournal_0006	12131	1878.07.26_AberdeenWeeklyJournal	82420
1878.07.26_AberdeenWeeklyJournal_0007	12185	1878.07.26_AberdeenWeeklyJournal	82420
1878.07.26_AberdeenWeeklyJournal_0008	11256	1878.07.26_AberdeenWeeklyJournal	82420
1878.07.26_DailyNews_0001	14244	1878.07.26_DailyNews	99362
1878.07.26_DailyNews_0002	13198	1878.07.26_DailyNews	99362
1878.07.26_DailyNews_0003	15461	1878.07.26_DailyNews	99362
1878.07.26_DailyNews_0004	11527	1878.07.26_DailyNews	99362
1878.07.26_DailyNews_0005	9502	1878.07.26_DailyNews	99362
1878.07.26_DailyNews_0006	13754	1878.07.26_DailyNews	99362
1878.07.26_DailyNews_0007	8228	1878.07.26_DailyNews	99362
1878.07.26_DailyNews_0008	13448	1878.07.26_DailyNews	99362
1878.07.26_Freeman'sJournalandDailyCommercialAdvertiser_0001	10181	1878.07.26_Freeman'sJournalandDailyCommercialAdvertiser	92677
1878.07.26_Freeman'sJournalandDailyCommercialAdvertiser_0002	13589	1878.07.26_Freeman'sJournalandDailyCommercialAdvertiser	92677
1878.07.26_Freeman'sJournalandDailyCommercialAdvertiser_0003	13131	1878.07.26_Freeman'sJournalandDailyCommercialAdvertiser	92677
1878.07.26_Freeman'sJournalandDailyCommercialAdvertiser_0004	8446	1878.07.26_Freeman'sJournalandDailyCommercialAdvertiser	92677
1878.07.26_Freeman'sJournalandDailyCommercialAdvertiser_0005	12060	1878.07.26_Freeman'sJournalandDailyCommercialAdvertiser	92677
1878.07.26_Freeman'sJournalandDailyCommercialAdvertiser_0006	12650	1878.07.26_Freeman'sJournalandDailyCommercialAdvertiser	92677
1878.07.26_Freeman'sJournalandDailyCommercialAdvertiser_0007	12071	1878.07.26_Freeman'sJournalandDailyCommercialAdvertiser	92677
1878.07.26_Freeman'sJournalandDailyCommercialAdvertiser_0008	10549	1878.07.26_Freeman'sJournalandDailyCommercialAdvertiser	92677
1878.07.26_GlasgowHerald_0001	15091	1878.07.26_GlasgowHerald	119359
1878.07.26_GlasgowHerald_0002	11666	1878.07.26_GlasgowHerald	119359
1878.07.26_GlasgowHerald_0003	14577	1878.07.26_GlasgowHerald	119359
1878.07.26_GlasgowHerald_0004	14782	1878.07.26_GlasgowHerald	119359
1878.07.26_GlasgowHerald_0005	18175	1878.07.26_GlasgowHerald	119359
1878.07.26_GlasgowHerald_0006	17179	1878.07.26_GlasgowHerald	119359
1878.07.26_GlasgowHerald_0007	14935	1878.07.26_GlasgowHerald	119359
1878.07.26_GlasgowHerald_0008	12954	1878.07.26_GlasgowHerald	119359
1878.07.26_LiverpoolMercuryetc_0001	13339	1878.07.26_LiverpoolMercuryetc	136332
1878.07.26_LiverpoolMercuryetc_0002	19149	1878.07.26_LiverpoolMercuryetc	136332
1878.07.26_LiverpoolMercuryetc_0003	17754	1878.07.26_LiverpoolMercuryetc	136332
1878.07.26_LiverpoolMercuryetc_0004	19352	1878.07.26_LiverpoolMercuryetc	136332
1878.07.26_LiverpoolMercuryetc_0005	16887	1878.07.26_LiverpoolMercuryetc	136332
1878.07.26_LiverpoolMercuryetc_0006	15953	1878.07.26_LiverpoolMercuryetc	136332
1878.07.26_LiverpoolMercuryetc_0007	17252	1878.07.26_LiverpoolMercuryetc	136332
1878.07.26_LiverpoolMercuryetc_0008	16646	1878.07.26_LiverpoolMercuryetc	136332
1878.07.26_NorthernEcho_0001	6576	1878.07.26_NorthernEcho	32984
1878.07.26_NorthernEcho_0002	8609	1878.07.26_NorthernEcho	32984
1878.07.26_NorthernEcho_0003	8622	1878.07.26_NorthernEcho	32984
1878.07.26_NorthernEcho_0004	9177	1878.07.26_NorthernEcho	32984
1878.07.26_TheHullPacketandEastRidingTimes_0001	6611	1878.07.26_TheHullPacketandEastRidingTimes	77628
1878.07.26_TheHullPacketandEastRidingTimes_0002	7957	1878.07.26_TheHullPacketandEastRidingTimes	77628
1878.07.26_TheHullPacketandEastRidingTimes_0003	11589	1878.07.26_TheHullPacketandEastRidingTimes	77628
1878.07.26_TheHullPacketandEastRidingTimes_0004	8212	1878.07.26_TheHullPacketandEastRidingTimes	77628
1878.07.26_TheHullPacketandEastRidingTimes_0005	10805	1878.07.26_TheHullPacketandEastRidingTimes	77628
1878.07.26_TheHullPacketandEastRidingTimes_0006	10719	1878.07.26_TheHullPacketandEastRidingTimes	77628
1878.07.26_TheHullPacketandEastRidingTimes_0007	11010	1878.07.26_TheHullPacketandEastRidingTimes	77628
1878.07.26_TheHullPacketandEastRidingTimes_0008	10725	1878.07.26_TheHullPacketandEastRidingTimes	77628
1878.07.26_TheLeedsMercury_0001	9321	1878.07.26_TheLeedsMercury	90669
1878.07.26_TheLeedsMercury_0002	12345	1878.07.26_TheLeedsMercury	90669
1878.07.26_TheLeedsMercury_0003	12707	1878.07.26_TheLeedsMercury	90669
1878.07.26_TheLeedsMercury_0004	10077	1878.07.26_TheLeedsMercury	90669
1878.07.26_TheLeedsMercury_0005	10909	1878.07.26_TheLeedsMercury	90669
1878.07.26_TheLeedsMercury_0006	12314	1878.07.26_TheLeedsMercury	90669
1878.07.26_TheLeedsMercury_0007	12214	1878.07.26_TheLeedsMercury	90669
1878.07.26_TheLeedsMercury_0008	10782	1878.07.26_TheLeedsMercury	90669
1878.07.26_TheNewcastleCourantetc_0001	10698	1878.07.26_TheNewcastleCourantetc	138086
1878.07.26_TheNewcastleCourantetc_0002	17325	1878.07.26_TheNewcastleCourantetc	138086
1878.07.26_TheNewcastleCourantetc_0003	18725	1878.07.26_TheNewcastleCourantetc	138086
1878.07.26_TheNewcastleCourantetc_0004	15210	1878.07.26_TheNewcastleCourantetc	138086
1878.07.26_TheNewcastleCourantetc_0005	18086	1878.07.26_TheNewcastleCourantetc	138086
1878.07.26_TheNewcastleCourantetc_0006	19180	1878.07.26_TheNewcastleCourantetc	138086
1878.07.26_TheNewcastleCourantetc_0007	19903	1878.07.26_TheNewcastleCourantetc	138086
1878.07.26_TheNewcastleCourantetc_0008	18959	1878.07.26_TheNewcastleCourantetc	138086
1878.07.26_ThePallMallGazette_0001	1439	1878.07.26_ThePallMallGazette	36253
1878.07.26_ThePallMallGazette_0002	2078	1878.07.26_ThePallMallGazette	36253
1878.07.26_ThePallMallGazette_0003	2561	1878.07.26_ThePallMallGazette	36253
1878.07.26_ThePallMallGazette_0004	2101	1878.07.26_ThePallMallGazette	36253
1878.07.26_ThePallMallGazette_0005	2153	1878.07.26_ThePallMallGazette	36253
1878.07.26_ThePallMallGazette_0006	2401	1878.07.26_ThePallMallGazette	36253
1878.07.26_ThePallMallGazette_0007	2390	1878.07.26_ThePallMallGazette	36253
1878.07.26_ThePallMallGazette_0008	2229	1878.07.26_ThePallMallGazette	36253
1878.07.26_ThePallMallGazette_0009	2976	1878.07.26_ThePallMallGazette	36253
1878.07.26_ThePallMallGazette_0010	2204	1878.07.26_ThePallMallGazette	36253
1878.07.26_ThePallMallGazette_0011	2179	1878.07.26_ThePallMallGazette	36253
1878.07.26_ThePallMallGazette_0012	2273	1878.07.26_ThePallMallGazette	36253
1878.07.26_ThePallMallGazette_0013	3195	1878.07.26_ThePallMallGazette	36253
1878.07.26_ThePallMallGazette_0014	3047	1878.07.26_ThePallMallGazette	36253
1878.07.26_ThePallMallGazette_0015	2212	1878.07.26_ThePallMallGazette	36253
1878.07.26_ThePallMallGazette_0016	815	1878.07.26_ThePallMallGazette	36253
1878.07.26_Times_0001	11024	1878.07.26_Times	175816
1878.07.26_Times_0002	11455	1878.07.26_Times	175816
1878.07.26_Times_0003	11323	1878.07.26_Times	175816
1878.07.26_Times_0004	11369	1878.07.26_Times	175816
1878.07.26_Times_0005	7978	1878.07.26_Times	175816
1878.07.26_Times_0006	25711	1878.07.26_Times	175816
1878.07.26_Times_0007	0	1878.07.26_Times	175816
1878.07.26_Times_0008	9839	1878.07.26_Times	175816
1878.07.26_Times_0009	7669	1878.07.26_Times	175816
1878.07.26_Times_0010	10282	1878.07.26_Times	175816
1878.07.26_Times_0011	9667	1878.07.26_Times	175816
1878.07.26_Times_0012	11668	1878.07.26_Times	175816
1878.07.26_Times_0013	13514	1878.07.26_Times	175816
1878.07.26_Times_0014	10779	1878.07.26_Times	175816
1878.07.26_Times_0015	11943	1878.07.26_Times	175816
1878.07.26_Times_0016	11595	1878.07.26_Times	175816
1878.07.26_WesternMail_0001	13811	1878.07.26_WesternMail	59915
1878.07.26_WesternMail_0002	12975	1878.07.26_WesternMail	59915
1878.07.26_WesternMail_0003	17674	1878.07.26_WesternMail	59915
1878.07.26_WesternMail_0004	15455	1878.07.26_WesternMail	59915
1878.07.27_AberdeenWeeklyJournal_0001	8523	1878.07.27_AberdeenWeeklyJournal	114127
1878.07.27_AberdeenWeeklyJournal_0002	15019	1878.07.27_AberdeenWeeklyJournal	114127
1878.07.27_AberdeenWeeklyJournal_0003	17066	1878.07.27_AberdeenWeeklyJournal	114127
1878.07.27_AberdeenWeeklyJournal_0004	14457	1878.07.27_AberdeenWeeklyJournal	114127
1878.07.27_AberdeenWeeklyJournal_0005	14314	1878.07.27_AberdeenWeeklyJournal	114127
1878.07.27_AberdeenWeeklyJournal_0006	15403	1878.07.27_AberdeenWeeklyJournal	114127
1878.07.27_AberdeenWeeklyJournal_0007	15871	1878.07.27_AberdeenWeeklyJournal	114127
1878.07.27_AberdeenWeeklyJournal_0008	13474	1878.07.27_AberdeenWeeklyJournal	114127
1878.07.27_BaneracAmserauCymru_0001	2542	1878.07.27_BaneracAmserauCymru	35273
1878.07.27_BaneracAmserauCymru_0002	5024	1878.07.27_BaneracAmserauCymru	35273
1878.07.27_BaneracAmserauCymru_0003	5162	1878.07.27_BaneracAmserauCymru	35273
1878.07.27_BaneracAmserauCymru_0004	4396	1878.07.27_BaneracAmserauCymru	35273
1878.07.27_BaneracAmserauCymru_0005	5231	1878.07.27_BaneracAmserauCymru	35273
1878.07.27_BaneracAmserauCymru_0006	4846	1878.07.27_BaneracAmserauCymru	35273
1878.07.27_BaneracAmserauCymru_0007	4584	1878.07.27_BaneracAmserauCymru	35273
1878.07.27_BaneracAmserauCymru_0008	3488	1878.07.27_BaneracAmserauCymru	35273
1878.07.27_DailyNews_0001	9405	1878.07.27_DailyNews	82704
1878.07.27_DailyNews_0002	10971	1878.07.27_DailyNews	82704
1878.07.27_DailyNews_0003	10884	1878.07.27_DailyNews	82704
1878.07.27_DailyNews_0004	10199	1878.07.27_DailyNews	82704
1878.07.27_DailyNews_0005	10846	1878.07.27_DailyNews	82704
1878.07.27_DailyNews_0006	10210	1878.07.27_DailyNews	82704
1878.07.27_DailyNews_0007	8988	1878.07.27_DailyNews	82704
1878.07.27_DailyNews_0008	11201	1878.07.27_DailyNews	82704
1878.07.27_Freeman'sJournalandDailyCommercialAdvertiser_0001	10558	1878.07.27_Freeman'sJournalandDailyCommercialAdvertiser	85696
1878.07.27_Freeman'sJournalandDailyCommercialAdvertiser_0002	11866	1878.07.27_Freeman'sJournalandDailyCommercialAdvertiser	85696
1878.07.27_Freeman'sJournalandDailyCommercialAdvertiser_0003	12827	1878.07.27_Freeman'sJournalandDailyCommercialAdvertiser	85696
1878.07.27_Freeman'sJournalandDailyCommercialAdvertiser_0004	5198	1878.07.27_Freeman'sJournalandDailyCommercialAdvertiser	85696
1878.07.27_Freeman'sJournalandDailyCommercialAdvertiser_0005	8835	1878.07.27_Freeman'sJournalandDailyCommercialAdvertiser	85696
1878.07.27_Freeman'sJournalandDailyCommercialAdvertiser_0006	11979	1878.07.27_Freeman'sJournalandDailyCommercialAdvertiser	85696
1878.07.27_Freeman'sJournalandDailyCommercialAdvertiser_0007	12387	1878.07.27_Freeman'sJournalandDailyCommercialAdvertiser	85696
1878.07.27_Freeman'sJournalandDailyCommercialAdvertiser_0008	12046	1878.07.27_Freeman'sJournalandDailyCommercialAdvertiser	85696
1878.07.27_GlasgowHerald_0001	11585	1878.07.27_GlasgowHerald	98488
1878.07.27_GlasgowHerald_0002	11661	1878.07.27_GlasgowHerald	98488
1878.07.27_GlasgowHerald_0003	10670	1878.07.27_GlasgowHerald	98488
1878.07.27_GlasgowHerald_0004	11492	1878.07.27_GlasgowHerald	98488
1878.07.27_GlasgowHerald_0005	13723	1878.07.27_GlasgowHerald	98488
1878.07.27_GlasgowHerald_0006	13418	1878.07.27_GlasgowHerald	98488
1878.07.27_GlasgowHerald_0007	14788	1878.07.27_GlasgowHerald	98488
1878.07.27_GlasgowHerald_0008	11151	1878.07.27_GlasgowHerald	98488
1878.07.27_HampshireTelegraphandSussexChronicleetc_0001	11414	1878.07.27_HampshireTelegraphandSussexChronicleetc	112357
1878.07.27_HampshireTelegraphandSussexChronicleetc_0002	12069	1878.07.27_HampshireTelegraphandSussexChronicleetc	112357
1878.07.27_HampshireTelegraphandSussexChronicleetc_0003	18445	1878.07.27_HampshireTelegraphandSussexChronicleetc	112357
1878.07.27_HampshireTelegraphandSussexChronicleetc_0004	10309	1878.07.27_HampshireTelegraphandSussexChronicleetc	112357
1878.07.27_HampshireTelegraphandSussexChronicleetc_0005	15812	1878.07.27_HampshireTelegraphandSussexChronicleetc	112357
1878.07.27_HampshireTelegraphandSussexChronicleetc_0006	12163	1878.07.27_HampshireTelegraphandSussexChronicleetc	112357
1878.07.27_HampshireTelegraphandSussexChronicleetc_0007	15073	1878.07.27_HampshireTelegraphandSussexChronicleetc	112357
1878.07.27_HampshireTelegraphandSussexChronicleetc_0008	17072	1878.07.27_HampshireTelegraphandSussexChronicleetc	112357
1878.07.27_Jackson'sOxfordJournal_0001	3932	1878.07.27_Jackson'sOxfordJournal	67975
1878.07.27_Jackson'sOxfordJournal_0002	5650	1878.07.27_Jackson'sOxfordJournal	67975
1878.07.27_Jackson'sOxfordJournal_0003	5489	1878.07.27_Jackson'sOxfordJournal	67975
1878.07.27_Jackson'sOxfordJournal_0004	9333	1878.07.27_Jackson'sOxfordJournal	67975
1878.07.27_Jackson'sOxfordJournal_0005	8964	1878.07.27_Jackson'sOxfordJournal	67975
1878.07.27_Jackson'sOxfordJournal_0006	11466	1878.07.27_Jackson'sOxfordJournal	67975
1878.07.27_Jackson'sOxfordJournal_0007	11416	1878.07.27_Jackson'sOxfordJournal	67975
1878.07.27_Jackson'sOxfordJournal_0008	11725	1878.07.27_Jackson'sOxfordJournal	67975
1878.07.27_LiverpoolMercuryetc_0001	13049	1878.07.27_LiverpoolMercuryetc	124618
1878.07.27_LiverpoolMercuryetc_0002	16586	1878.07.27_LiverpoolMercuryetc	124618
1878.07.27_LiverpoolMercuryetc_0003	16735	1878.07.27_LiverpoolMercuryetc	124618
1878.07.27_LiverpoolMercuryetc_0004	15144	1878.07.27_LiverpoolMercuryetc	124618
1878.07.27_LiverpoolMercuryetc_0005	16470	1878.07.27_LiverpoolMercuryetc	124618
1878.07.27_LiverpoolMercuryetc_0006	14890	1878.07.27_LiverpoolMercuryetc	124618
1878.07.27_LiverpoolMercuryetc_0007	15863	1878.07.27_LiverpoolMercuryetc	124618
1878.07.27_LiverpoolMercuryetc_0008	15881	1878.07.27_LiverpoolMercuryetc	124618
1878.07.27_NorthernEcho_0001	7091	1878.07.27_NorthernEcho	34312
1878.07.27_NorthernEcho_0002	8096	1878.07.27_NorthernEcho	34312
1878.07.27_NorthernEcho_0003	9622	1878.07.27_NorthernEcho	34312
1878.07.27_NorthernEcho_0004	9503	1878.07.27_NorthernEcho	34312
1878.07.27_TheExaminer_0001	1144	1878.07.27_TheExaminer	46413
1878.07.27_TheExaminer_0002	1443	1878.07.27_TheExaminer	46413
1878.07.27_TheExaminer_0003	1462	1878.07.27_TheExaminer	46413
1878.07.27_TheExaminer_0004	1545	1878.07.27_TheExaminer	46413
1878.07.27_TheExaminer_0005	1485	1878.07.27_TheExaminer	46413
1878.07.27_TheExaminer_0006	1596	1878.07.27_TheExaminer	46413
1878.07.27_TheExaminer_0007	1585	1878.07.27_TheExaminer	46413
1878.07.27_TheExaminer_0008	1528	1878.07.27_TheExaminer	46413
1878.07.27_TheExaminer_0009	1486	1878.07.27_TheExaminer	46413
1878.07.27_TheExaminer_0010	1498	1878.07.27_TheExaminer	46413
1878.07.27_TheExaminer_0011	1596	1878.07.27_TheExaminer	46413
1878.07.27_TheExaminer_0012	1515	1878.07.27_TheExaminer	46413
1878.07.27_TheExaminer_0013	1537	1878.07.27_TheExaminer	46413
1878.07.27_TheExaminer_0014	1609	1878.07.27_TheExaminer	46413
1878.07.27_TheExaminer_0015	1499	1878.07.27_TheExaminer	46413
1878.07.27_TheExaminer_0016	1560	1878.07.27_TheExaminer	46413
1878.07.27_TheExaminer_0017	1603	1878.07.27_TheExaminer	46413
1878.07.27_TheExaminer_0018	1550	1878.07.27_TheExaminer	46413
1878.07.27_TheExaminer_0019	1680	1878.07.27_TheExaminer	46413
1878.07.27_TheExaminer_0020	1644	1878.07.27_TheExaminer	46413
1878.07.27_TheExaminer_0021	1411	1878.07.27_TheExaminer	46413
1878.07.27_TheExaminer_0022	1217	1878.07.27_TheExaminer	46413
1878.07.27_TheExaminer_0023	1546	1878.07.27_TheExaminer	46413
1878.07.27_TheExaminer_0024	1501	1878.07.27_TheExaminer	46413
1878.07.27_TheExaminer_0025	1721	1878.07.27_TheExaminer	46413
1878.07.27_TheExaminer_0026	1404	1878.07.27_TheExaminer	46413
1878.07.27_TheExaminer_0027	1374	1878.07.27_TheExaminer	46413
1878.07.27_TheExaminer_0028	1069	1878.07.27_TheExaminer	46413
1878.07.27_TheExaminer_0029	1221	1878.07.27_TheExaminer	46413
1878.07.27_TheExaminer_0030	1123	1878.07.27_TheExaminer	46413
1878.07.27_TheExaminer_0031	1232	1878.07.27_TheExaminer	46413
1878.07.27_TheExaminer_0032	1029	1878.07.27_TheExaminer	46413
1878.07.27_TheGraphic_0001	157	1878.07.27_TheGraphic	65172
1878.07.27_TheGraphic_0002	1838	1878.07.27_TheGraphic	65172
1878.07.27_TheGraphic_0003	50	1878.07.27_TheGraphic	65172
1878.07.27_TheGraphic_0004	2687	1878.07.27_TheGraphic	65172
1878.07.27_TheGraphic_0005	3499	1878.07.27_TheGraphic	65172
1878.07.27_TheGraphic_0006	41	1878.07.27_TheGraphic	65172
1878.07.27_TheGraphic_0007	15	1878.07.27_TheGraphic	65172
1878.07.27_TheGraphic_0008	3634	1878.07.27_TheGraphic	65172
1878.07.27_TheGraphic_0009	3525	1878.07.27_TheGraphic	65172
1878.07.27_TheGraphic_0010	1586	1878.07.27_TheGraphic	65172
1878.07.27_TheGraphic_0011	1148	1878.07.27_TheGraphic	65172
1878.07.27_TheGraphic_0012	3148	1878.07.27_TheGraphic	65172
1878.07.27_TheGraphic_0013	3177	1878.07.27_TheGraphic	65172
1878.07.27_TheGraphic_0014	3070	1878.07.27_TheGraphic	65172
1878.07.27_TheGraphic_0015	3118	1878.07.27_TheGraphic	65172
1878.07.27_TheGraphic_0016	3148	1878.07.27_TheGraphic	65172
1878.07.27_TheGraphic_0017	3774	1878.07.27_TheGraphic	65172
1878.07.27_TheGraphic_0018	4012	1878.07.27_TheGraphic	65172
1878.07.27_TheGraphic_0019	77	1878.07.27_TheGraphic	65172
1878.07.27_TheGraphic_0020	3494	1878.07.27_TheGraphic	65172
1878.07.27_TheGraphic_0021	3504	1878.07.27_TheGraphic	65172
1878.07.27_TheGraphic_0022	36	1878.07.27_TheGraphic	65172
1878.07.27_TheGraphic_0023	32	1878.07.27_TheGraphic	65172
1878.07.27_TheGraphic_0024	5171	1878.07.27_TheGraphic	65172
1878.07.27_TheGraphic_0025	15	1878.07.27_TheGraphic	65172
1878.07.27_TheGraphic_0026	4609	1878.07.27_TheGraphic	65172
1878.07.27_TheGraphic_0027	3853	1878.07.27_TheGraphic	65172
1878.07.27_TheGraphic_0028	1766	1878.07.27_TheGraphic	65172
1878.07.27_TheGraphic_0029	988	1878.07.27_TheGraphic	65172
1878.07.27_TheIllustratedPoliceNewsetc_0001	23	1878.07.27_TheIllustratedPoliceNewsetc	31995
1878.07.27_TheIllustratedPoliceNewsetc_0002	10594	1878.07.27_TheIllustratedPoliceNewsetc	31995
1878.07.27_TheIllustratedPoliceNewsetc_0003	11110	1878.07.27_TheIllustratedPoliceNewsetc	31995
1878.07.27_TheIllustratedPoliceNewsetc_0004	10268	1878.07.27_TheIllustratedPoliceNewsetc	31995
1878.07.27_TheIpswichJournal_0001	1829	1878.07.27_TheIpswichJournal	88590
1878.07.27_TheIpswichJournal_0002	4616	1878.07.27_TheIpswichJournal	88590
1878.07.27_TheIpswichJournal_0003	7749	1878.07.27_TheIpswichJournal	88590
1878.07.27_TheIpswichJournal_0004	6170	1878.07.27_TheIpswichJournal	88590
1878.07.27_TheIpswichJournal_0005	11684	1878.07.27_TheIpswichJournal	88590
1878.07.27_TheIpswichJournal_0006	9729	1878.07.27_TheIpswichJournal	88590
1878.07.27_TheIpswichJournal_0007	11321	1878.07.27_TheIpswichJournal	88590
1878.07.27_TheIpswichJournal_0008	10808	1878.07.27_TheIpswichJournal	88590
1878.07.27_TheIpswichJournal_0009	11248	1878.07.27_TheIpswichJournal	88590
1878.07.27_TheIpswichJournal_0010	13436	1878.07.27_TheIpswichJournal	88590
1878.07.27_TheLeedsMercury_0001	9515	1878.07.27_TheLeedsMercury	138779
1878.07.27_TheLeedsMercury_0002	11767	1878.07.27_TheLeedsMercury	138779
1878.07.27_TheLeedsMercury_0003	11856	1878.07.27_TheLeedsMercury	138779
1878.07.27_TheLeedsMercury_0004	13662	1878.07.27_TheLeedsMercury	138779
1878.07.27_TheLeedsMercury_0005	12482	1878.07.27_TheLeedsMercury	138779
1878.07.27_TheLeedsMercury_0006	11484	1878.07.27_TheLeedsMercury	138779
1878.07.27_TheLeedsMercury_0007	9312	1878.07.27_TheLeedsMercury	138779
1878.07.27_TheLeedsMercury_0008	11386	1878.07.27_TheLeedsMercury	138779
1878.07.27_TheLeedsMercury_0009	11292	1878.07.27_TheLeedsMercury	138779
1878.07.27_TheLeedsMercury_0010	11635	1878.07.27_TheLeedsMercury	138779
1878.07.27_TheLeedsMercury_0011	12167	1878.07.27_TheLeedsMercury	138779
1878.07.27_TheLeedsMercury_0012	12221	1878.07.27_TheLeedsMercury	138779
1878.07.27_ThePallMallGazette_0001	1606	1878.07.27_ThePallMallGazette	37888
1878.07.27_ThePallMallGazette_0002	2247	1878.07.27_ThePallMallGazette	37888
1878.07.27_ThePallMallGazette_0003	2071	1878.07.27_ThePallMallGazette	37888
1878.07.27_ThePallMallGazette_0004	2138	1878.07.27_ThePallMallGazette	37888
1878.07.27_ThePallMallGazette_0005	2793	1878.07.27_ThePallMallGazette	37888
1878.07.27_ThePallMallGazette_0006	2388	1878.07.27_ThePallMallGazette	37888
1878.07.27_ThePallMallGazette_0007	2598	1878.07.27_ThePallMallGazette	37888
1878.07.27_ThePallMallGazette_0008	2353	1878.07.27_ThePallMallGazette	37888
1878.07.27_ThePallMallGazette_0009	2709	1878.07.27_ThePallMallGazette	37888
1878.07.27_ThePallMallGazette_0010	2216	1878.07.27_ThePallMallGazette	37888
1878.07.27_ThePallMallGazette_0011	2284	1878.07.27_ThePallMallGazette	37888
1878.07.27_ThePallMallGazette_0012	2168	1878.07.27_ThePallMallGazette	37888
1878.07.27_ThePallMallGazette_0013	2533	1878.07.27_ThePallMallGazette	37888
1878.07.27_ThePallMallGazette_0014	2663	1878.07.27_ThePallMallGazette	37888
1878.07.27_ThePallMallGazette_0015	3577	1878.07.27_ThePallMallGazette	37888
1878.07.27_ThePallMallGazette_0016	1544	1878.07.27_ThePallMallGazette	37888
1878.07.27_Times_0001	11396	1878.07.27_Times	187178
1878.07.27_Times_0002	10749	1878.07.27_Times	187178
1878.07.27_Times_0003	11482	1878.07.27_Times	187178
1878.07.27_Times_0004	11703	1878.07.27_Times	187178
1878.07.27_Times_0005	10147	1878.07.27_Times	187178
1878.07.27_Times_0006	13526	1878.07.27_Times	187178
1878.07.27_Times_0007	14117	1878.07.27_Times	187178
1878.07.27_Times_0008	10060	1878.07.27_Times	187178
1878.07.27_Times_0009	7230	1878.07.27_Times	187178
1878.07.27_Times_0010	10058	1878.07.27_Times	187178
1878.07.27_Times_0011	11155	1878.07.27_Times	187178
1878.07.27_Times_0012	10870	1878.07.27_Times	187178
1878.07.27_Times_0013	12461	1878.07.27_Times	187178
1878.07.27_Times_0014	13562	1878.07.27_Times	187178
1878.07.27_Times_0015	14660	1878.07.27_Times	187178
1878.07.27_Times_0016	14002	1878.07.27_Times	187178
1878.07.27_WesternMail_0001	13526	1878.07.27_WesternMail	63083
1878.07.27_WesternMail_0002	14511	1878.07.27_WesternMail	63083
1878.07.27_WesternMail_0003	19095	1878.07.27_WesternMail	63083
1878.07.27_WesternMail_0004	15951	1878.07.27_WesternMail	63083
1878.07.27_YGoleuad_0001	1467	1878.07.27_YGoleuad	41107
1878.07.27_YGoleuad_0002	1925	1878.07.27_YGoleuad	41107
1878.07.27_YGoleuad_0003	2046	1878.07.27_YGoleuad	41107
1878.07.27_YGoleuad_0004	3217	1878.07.27_YGoleuad	41107
1878.07.27_YGoleuad_0005	3189	1878.07.27_YGoleuad	41107
1878.07.27_YGoleuad_0006	2918	1878.07.27_YGoleuad	41107
1878.07.27_YGoleuad_0007	3147	1878.07.27_YGoleuad	41107
1878.07.27_YGoleuad_0008	2211	1878.07.27_YGoleuad	41107
1878.07.27_YGoleuad_0009	2392	1878.07.27_YGoleuad	41107
1878.07.27_YGoleuad_0010	3133	1878.07.27_YGoleuad	41107
1878.07.27_YGoleuad_0011	2961	1878.07.27_YGoleuad	41107
1878.07.27_YGoleuad_0012	3177	1878.07.27_YGoleuad	41107
1878.07.27_YGoleuad_0013	2998	1878.07.27_YGoleuad	41107
1878.07.27_YGoleuad_0014	2730	1878.07.27_YGoleuad	41107
1878.07.27_YGoleuad_0015	2116	1878.07.27_YGoleuad	41107
1878.07.27_YGoleuad_0016	1480	1878.07.27_YGoleuad	41107
1878.07.28_Lloyd'sWeeklyNewspaper_0001	6356	1878.07.28_Lloyd'sWeeklyNewspaper	86232
1878.07.28_Lloyd'sWeeklyNewspaper_0002	6875	1878.07.28_Lloyd'sWeeklyNewspaper	86232
1878.07.28_Lloyd'sWeeklyNewspaper_0003	8635	1878.07.28_Lloyd'sWeeklyNewspaper	86232
1878.07.28_Lloyd'sWeeklyNewspaper_0004	7683	1878.07.28_Lloyd'sWeeklyNewspaper	86232
1878.07.28_Lloyd'sWeeklyNewspaper_0005	7147	1878.07.28_Lloyd'sWeeklyNewspaper	86232
1878.07.28_Lloyd'sWeeklyNewspaper_0006	6162	1878.07.28_Lloyd'sWeeklyNewspaper	86232
1878.07.28_Lloyd'sWeeklyNewspaper_0007	7023	1878.07.28_Lloyd'sWeeklyNewspaper	86232
1878.07.28_Lloyd'sWeeklyNewspaper_0008	7443	1878.07.28_Lloyd'sWeeklyNewspaper	86232
1878.07.28_Lloyd'sWeeklyNewspaper_0009	6644	1878.07.28_Lloyd'sWeeklyNewspaper	86232
1878.07.28_Lloyd'sWeeklyNewspaper_0010	6978	1878.07.28_Lloyd'sWeeklyNewspaper	86232
1878.07.28_Lloyd'sWeeklyNewspaper_0011	7077	1878.07.28_Lloyd'sWeeklyNewspaper	86232
1878.07.28_Lloyd'sWeeklyNewspaper_0012	8209	1878.07.28_Lloyd'sWeeklyNewspaper	86232
1878.07.28_Reynolds'sNewspaper_0001	8929	1878.07.28_Reynolds'sNewspaper	73634
1878.07.28_Reynolds'sNewspaper_0002	7261	1878.07.28_Reynolds'sNewspaper	73634
1878.07.28_Reynolds'sNewspaper_0003	8722	1878.07.28_Reynolds'sNewspaper	73634
1878.07.28_Reynolds'sNewspaper_0004	10406	1878.07.28_Reynolds'sNewspaper	73634
1878.07.28_Reynolds'sNewspaper_0005	9748	1878.07.28_Reynolds'sNewspaper	73634
1878.07.28_Reynolds'sNewspaper_0006	11348	1878.07.28_Reynolds'sNewspaper	73634
1878.07.28_Reynolds'sNewspaper_0007	8115	1878.07.28_Reynolds'sNewspaper	73634
1878.07.28_Reynolds'sNewspaper_0008	9105	1878.07.28_Reynolds'sNewspaper	73634
1878.07.28_TheEra_0001	3150	1878.07.28_TheEra	90575
1878.07.28_TheEra_0002	5762	1878.07.28_TheEra	90575
1878.07.28_TheEra_0003	7005	1878.07.28_TheEra	90575
1878.07.28_TheEra_0004	6562	1878.07.28_TheEra	90575
1878.07.28_TheEra_0005	6337	1878.07.28_TheEra	90575
1878.07.28_TheEra_0006	7331	1878.07.28_TheEra	90575
1878.07.28_TheEra_0007	7651	1878.07.28_TheEra	90575
1878.07.28_TheEra_0008	5994	1878.07.28_TheEra	90575
1878.07.28_TheEra_0009	6020	1878.07.28_TheEra	90575
1878.07.28_TheEra_0010	6081	1878.07.28_TheEra	90575
1878.07.28_TheEra_0011	4844	1878.07.28_TheEra	90575
1878.07.28_TheEra_0012	4254	1878.07.28_TheEra	90575
1878.07.28_TheEra_0013	4880	1878.07.28_TheEra	90575
1878.07.28_TheEra_0014	5138	1878.07.28_TheEra	90575
1878.07.28_TheEra_0015	4902	1878.07.28_TheEra	90575
1878.07.28_TheEra_0016	4664	1878.07.28_TheEra	90575
1878.07.29_AberdeenWeeklyJournal_0001	9256	1878.07.29_AberdeenWeeklyJournal	61005
1878.07.29_AberdeenWeeklyJournal_0002	15319	1878.07.29_AberdeenWeeklyJournal	61005
1878.07.29_AberdeenWeeklyJournal_0003	18842	1878.07.29_AberdeenWeeklyJournal	61005
1878.07.29_AberdeenWeeklyJournal_0004	17588	1878.07.29_AberdeenWeeklyJournal	61005
1878.07.29_DailyNews_0001	13399	1878.07.29_DailyNews	103921
1878.07.29_DailyNews_0002	15256	1878.07.29_DailyNews	103921
1878.07.29_DailyNews_0003	13773	1878.07.29_DailyNews	103921
1878.07.29_DailyNews_0004	12732	1878.07.29_DailyNews	103921
1878.07.29_DailyNews_0005	9405	1878.07.29_DailyNews	103921
1878.07.29_DailyNews_0006	12924	1878.07.29_DailyNews	103921
1878.07.29_DailyNews_0007	9573	1878.07.29_DailyNews	103921
1878.07.29_DailyNews_0008	16859	1878.07.29_DailyNews	103921
1878.07.29_Freeman'sJournalandDailyCommercialAdvertiser_0001	10858	1878.07.29_Freeman'sJournalandDailyCommercialAdvertiser	91352
1878.07.29_Freeman'sJournalandDailyCommercialAdvertiser_0002	14134	1878.07.29_Freeman'sJournalandDailyCommercialAdvertiser	91352
1878.07.29_Freeman'sJournalandDailyCommercialAdvertiser_0003	14133	1878.07.29_Freeman'sJournalandDailyCommercialAdvertiser	91352
1878.07.29_Freeman'sJournalandDailyCommercialAdvertiser_0004	7869	1878.07.29_Freeman'sJournalandDailyCommercialAdvertiser	91352
1878.07.29_Freeman'sJournalandDailyCommercialAdvertiser_0005	10248	1878.07.29_Freeman'sJournalandDailyCommercialAdvertiser	91352
1878.07.29_Freeman'sJournalandDailyCommercialAdvertiser_0006	12098	1878.07.29_Freeman'sJournalandDailyCommercialAdvertiser	91352
1878.07.29_Freeman'sJournalandDailyCommercialAdvertiser_0007	12363	1878.07.29_Freeman'sJournalandDailyCommercialAdvertiser	91352
1878.07.29_Freeman'sJournalandDailyCommercialAdvertiser_0008	9649	1878.07.29_Freeman'sJournalandDailyCommercialAdvertiser	91352
1878.07.29_GlasgowHerald_0001	12816	1878.07.29_GlasgowHerald	116069
1878.07.29_GlasgowHerald_0002	10700	1878.07.29_GlasgowHerald	116069
1878.07.29_GlasgowHerald_0003	17204	1878.07.29_GlasgowHerald	116069
1878.07.29_GlasgowHerald_0004	14102	1878.07.29_GlasgowHerald	116069
1878.07.29_GlasgowHerald_0005	15832	1878.07.29_GlasgowHerald	116069
1878.07.29_GlasgowHerald_0006	17083	1878.07.29_GlasgowHerald	116069
1878.07.29_GlasgowHerald_0007	14584	1878.07.29_GlasgowHerald	116069
1878.07.29_GlasgowHerald_0008	13748	1878.07.29_GlasgowHerald	116069
1878.07.29_LiverpoolMercuryetc_0001	12268	1878.07.29_LiverpoolMercuryetc	118952
1878.07.29_LiverpoolMercuryetc_0002	15351	1878.07.29_LiverpoolMercuryetc	118952
1878.07.29_LiverpoolMercuryetc_0003	16219	1878.07.29_LiverpoolMercuryetc	118952
1878.07.29_LiverpoolMercuryetc_0004	14678	1878.07.29_LiverpoolMercuryetc	118952
1878.07.29_LiverpoolMercuryetc_0005	15943	1878.07.29_LiverpoolMercuryetc	118952
1878.07.29_LiverpoolMercuryetc_0006	13412	1878.07.29_LiverpoolMercuryetc	118952
1878.07.29_LiverpoolMercuryetc_0007	15238	1878.07.29_LiverpoolMercuryetc	118952
1878.07.29_LiverpoolMercuryetc_0008	15843	1878.07.29_LiverpoolMercuryetc	118952
1878.07.29_NorthernEcho_0001	6465	1878.07.29_NorthernEcho	33446
1878.07.29_NorthernEcho_0002	8247	1878.07.29_NorthernEcho	33446
1878.07.29_NorthernEcho_0003	9027	1878.07.29_NorthernEcho	33446
1878.07.29_NorthernEcho_0004	9707	1878.07.29_NorthernEcho	33446
1878.07.29_TheLeedsMercury_0001	10925	1878.07.29_TheLeedsMercury	46446
1878.07.29_TheLeedsMercury_0002	11452	1878.07.29_TheLeedsMercury	46446
1878.07.29_TheLeedsMercury_0003	12269	1878.07.29_TheLeedsMercury	46446
1878.07.29_TheLeedsMercury_0004	11800	1878.07.29_TheLeedsMercury	46446
1878.07.29_ThePallMallGazette_0001	1568	1878.07.29_ThePallMallGazette	37277
1878.07.29_ThePallMallGazette_0002	1888	1878.07.29_ThePallMallGazette	37277
1878.07.29_ThePallMallGazette_0003	2614	1878.07.29_ThePallMallGazette	37277
1878.07.29_ThePallMallGazette_0004	2131	1878.07.29_ThePallMallGazette	37277
1878.07.29_ThePallMallGazette_0005	2294	1878.07.29_ThePallMallGazette	37277
1878.07.29_ThePallMallGazette_0006	2333	1878.07.29_ThePallMallGazette	37277
1878.07.29_ThePallMallGazette_0007	2328	1878.07.29_ThePallMallGazette	37277
1878.07.29_ThePallMallGazette_0008	2286	1878.07.29_ThePallMallGazette	37277
1878.07.29_ThePallMallGazette_0009	3066	1878.07.29_ThePallMallGazette	37277
1878.07.29_ThePallMallGazette_0010	1941	1878.07.29_ThePallMallGazette	37277
1878.07.29_ThePallMallGazette_0011	2157	1878.07.29_ThePallMallGazette	37277
1878.07.29_ThePallMallGazette_0012	2276	1878.07.29_ThePallMallGazette	37277
1878.07.29_ThePallMallGazette_0013	2471	1878.07.29_ThePallMallGazette	37277
1878.07.29_ThePallMallGazette_0014	3230	1878.07.29_ThePallMallGazette	37277
1878.07.29_ThePallMallGazette_0015	1778	1878.07.29_ThePallMallGazette	37277
1878.07.29_ThePallMallGazette_0016	2916	1878.07.29_ThePallMallGazette	37277
1878.07.29_Times_0001	10659	1878.07.29_Times	173457
1878.07.29_Times_0002	11545	1878.07.29_Times	173457
1878.07.29_Times_0003	10207	1878.07.29_Times	173457
1878.07.29_Times_0004	12384	1878.07.29_Times	173457
1878.07.29_Times_0005	8406	1878.07.29_Times	173457
1878.07.29_Times_0006	9988	1878.07.29_Times	173457
1878.07.29_Times_0007	11959	1878.07.29_Times	173457
1878.07.29_Times_0008	11602	1878.07.29_Times	173457
1878.07.29_Times_0009	8378	1878.07.29_Times	173457
1878.07.29_Times_0010	11454	1878.07.29_Times	173457
1878.07.29_Times_0011	10897	1878.07.29_Times	173457
1878.07.29_Times_0012	9226	1878.07.29_Times	173457
1878.07.29_Times_0013	11462	1878.07.29_Times	173457
1878.07.29_Times_0014	11433	1878.07.29_Times	173457
1878.07.29_Times_0015	11378	1878.07.29_Times	173457
1878.07.29_Times_0016	12479	1878.07.29_Times	173457
1878.07.29_WesternMail_0001	12864	1878.07.29_WesternMail	63240
1878.07.29_WesternMail_0002	15604	1878.07.29_WesternMail	63240
1878.07.29_WesternMail_0003	19788	1878.07.29_WesternMail	63240
1878.07.29_WesternMail_0004	14984	1878.07.29_WesternMail	63240
1878.07.30_AberdeenWeeklyJournal_0001	4912	1878.07.30_AberdeenWeeklyJournal	78428
1878.07.30_AberdeenWeeklyJournal_0002	5259	1878.07.30_AberdeenWeeklyJournal	78428
1878.07.30_AberdeenWeeklyJournal_0003	11315	1878.07.30_AberdeenWeeklyJournal	78428
1878.07.30_AberdeenWeeklyJournal_0004	10076	1878.07.30_AberdeenWeeklyJournal	78428
1878.07.30_AberdeenWeeklyJournal_0005	13592	1878.07.30_AberdeenWeeklyJournal	78428
1878.07.30_AberdeenWeeklyJournal_0006	11616	1878.07.30_AberdeenWeeklyJournal	78428
1878.07.30_AberdeenWeeklyJournal_0007	8219	1878.07.30_AberdeenWeeklyJournal	78428
1878.07.30_AberdeenWeeklyJournal_0008	13439	1878.07.30_AberdeenWeeklyJournal	78428
1878.07.30_DailyNews_0001	8714	1878.07.30_DailyNews	69787
1878.07.30_DailyNews_0002	11104	1878.07.30_DailyNews	69787
1878.07.30_DailyNews_0003	10238	1878.07.30_DailyNews	69787
1878.07.30_DailyNews_0004	11196	1878.07.30_DailyNews	69787
1878.07.30_DailyNews_0005	10801	1878.07.30_DailyNews	69787
1878.07.30_DailyNews_0006	6682	1878.07.30_DailyNews	69787
1878.07.30_DailyNews_0007	4426	1878.07.30_DailyNews	69787
1878.07.30_DailyNews_0008	6626	1878.07.30_DailyNews	69787
1878.07.30_Freeman'sJournalandDailyCommercialAdvertiser_0001	10553	1878.07.30_Freeman'sJournalandDailyCommercialAdvertiser	90811
1878.07.30_Freeman'sJournalandDailyCommercialAdvertiser_0002	12842	1878.07.30_Freeman'sJournalandDailyCommercialAdvertiser	90811
1878.07.30_Freeman'sJournalandDailyCommercialAdvertiser_0003	12956	1878.07.30_Freeman'sJournalandDailyCommercialAdvertiser	90811
1878.07.30_Freeman'sJournalandDailyCommercialAdvertiser_0004	6968	1878.07.30_Freeman'sJournalandDailyCommercialAdvertiser	90811
1878.07.30_Freeman'sJournalandDailyCommercialAdvertiser_0005	10357	1878.07.30_Freeman'sJournalandDailyCommercialAdvertiser	90811
1878.07.30_Freeman'sJournalandDailyCommercialAdvertiser_0006	12249	1878.07.30_Freeman'sJournalandDailyCommercialAdvertiser	90811
1878.07.30_Freeman'sJournalandDailyCommercialAdvertiser_0007	14310	1878.07.30_Freeman'sJournalandDailyCommercialAdvertiser	90811
1878.07.30_Freeman'sJournalandDailyCommercialAdvertiser_0008	10576	1878.07.30_Freeman'sJournalandDailyCommercialAdvertiser	90811
1878.07.30_GlasgowHerald_0001	10745	1878.07.30_GlasgowHerald	96126
1878.07.30_GlasgowHerald_0002	8711	1878.07.30_GlasgowHerald	96126
1878.07.30_GlasgowHerald_0003	14013	1878.07.30_GlasgowHerald	96126
1878.07.30_GlasgowHerald_0004	11383	1878.07.30_GlasgowHerald	96126
1878.07.30_GlasgowHerald_0005	15245	1878.07.30_GlasgowHerald	96126
1878.07.30_GlasgowHerald_0006	12558	1878.07.30_GlasgowHerald	96126
1878.07.30_GlasgowHerald_0007	12291	1878.07.30_GlasgowHerald	96126
1878.07.30_GlasgowHerald_0008	11180	1878.07.30_GlasgowHerald	96126
1878.07.30_LiverpoolMercuryetc_0001	13243	1878.07.30_LiverpoolMercuryetc	136177
1878.07.30_LiverpoolMercuryetc_0002	18877	1878.07.30_LiverpoolMercuryetc	136177
1878.07.30_LiverpoolMercuryetc_0003	18292	1878.07.30_LiverpoolMercuryetc	136177
1878.07.30_LiverpoolMercuryetc_0004	17182	1878.07.30_LiverpoolMercuryetc	136177
1878.07.30_LiverpoolMercuryetc_0005	17249	1878.07.30_LiverpoolMercuryetc	136177
1878.07.30_LiverpoolMercuryetc_0006	16346	1878.07.30_LiverpoolMercuryetc	136177
1878.07.30_LiverpoolMercuryetc_0007	17050	1878.07.30_LiverpoolMercuryetc	136177
1878.07.30_LiverpoolMercuryetc_0008	17938	1878.07.30_LiverpoolMercuryetc	136177
1878.07.30_NorthernEcho_0001	6453	1878.07.30_NorthernEcho	32529
1878.07.30_NorthernEcho_0002	8275	1878.07.30_NorthernEcho	32529
1878.07.30_NorthernEcho_0003	8498	1878.07.30_NorthernEcho	32529
1878.07.30_NorthernEcho_0004	9303	1878.07.30_NorthernEcho	32529
1878.07.30_TheIpswichJournal_0001	5322	1878.07.30_TheIpswichJournal	39095
1878.07.30_TheIpswichJournal_0002	10161	1878.07.30_TheIpswichJournal	39095
1878.07.30_TheIpswichJournal_0003	12087	1878.07.30_TheIpswichJournal	39095
1878.07.30_TheIpswichJournal_0004	11525	1878.07.30_TheIpswichJournal	39095
1878.07.30_TheLeedsMercury_0001	9741	1878.07.30_TheLeedsMercury	90137
1878.07.30_TheLeedsMercury_0002	11808	1878.07.30_TheLeedsMercury	90137
1878.07.30_TheLeedsMercury_0003	10410	1878.07.30_TheLeedsMercury	90137
1878.07.30_TheLeedsMercury_0004	10165	1878.07.30_TheLeedsMercury	90137
1878.07.30_TheLeedsMercury_0005	11892	1878.07.30_TheLeedsMercury	90137
1878.07.30_TheLeedsMercury_0006	12252	1878.07.30_TheLeedsMercury	90137
1878.07.30_TheLeedsMercury_0007	12435	1878.07.30_TheLeedsMercury	90137
1878.07.30_TheLeedsMercury_0008	11434	1878.07.30_TheLeedsMercury	90137
1878.07.30_ThePallMallGazette_0001	1475	1878.07.30_ThePallMallGazette	34141
1878.07.30_ThePallMallGazette_0002	1921	1878.07.30_ThePallMallGazette	34141
1878.07.30_ThePallMallGazette_0003	2224	1878.07.30_ThePallMallGazette	34141
1878.07.30_ThePallMallGazette_0004	2114	1878.07.30_ThePallMallGazette	34141
1878.07.30_ThePallMallGazette_0005	2780	1878.07.30_ThePallMallGazette	34141
1878.07.30_ThePallMallGazette_0006	2371	1878.07.30_ThePallMallGazette	34141
1878.07.30_ThePallMallGazette_0007	2723	1878.07.30_ThePallMallGazette	34141
1878.07.30_ThePallMallGazette_0008	1968	1878.07.30_ThePallMallGazette	34141
1878.07.30_ThePallMallGazette_0009	2633	1878.07.30_ThePallMallGazette	34141
1878.07.30_ThePallMallGazette_0010	2103	1878.07.30_ThePallMallGazette	34141
1878.07.30_ThePallMallGazette_0011	2058	1878.07.30_ThePallMallGazette	34141
1878.07.30_ThePallMallGazette_0012	2265	1878.07.30_ThePallMallGazette	34141
1878.07.30_ThePallMallGazette_0013	2204	1878.07.30_ThePallMallGazette	34141
1878.07.30_ThePallMallGazette_0014	2588	1878.07.30_ThePallMallGazette	34141
1878.07.30_ThePallMallGazette_0015	1676	1878.07.30_ThePallMallGazette	34141
1878.07.30_ThePallMallGazette_0016	1038	1878.07.30_ThePallMallGazette	34141
1878.07.30_Times_0001	10894	1878.07.30_Times	181765
1878.07.30_Times_0002	11824	1878.07.30_Times	181765
1878.07.30_Times_0003	11676	1878.07.30_Times	181765
1878.07.30_Times_0004	11688	1878.07.30_Times	181765
1878.07.30_Times_0005	9811	1878.07.30_Times	181765
1878.07.30_Times_0006	40366	1878.07.30_Times	181765
1878.07.30_Times_0007	0	1878.07.30_Times	181765
1878.07.30_Times_0008	0	1878.07.30_Times	181765
1878.07.30_Times_0009	7742	1878.07.30_Times	181765
1878.07.30_Times_0010	8213	1878.07.30_Times	181765
1878.07.30_Times_0011	8713	1878.07.30_Times	181765
1878.07.30_Times_0012	9916	1878.07.30_Times	181765
1878.07.30_Times_0013	12217	1878.07.30_Times	181765
1878.07.30_Times_0014	15319	1878.07.30_Times	181765
1878.07.30_Times_0015	10475	1878.07.30_Times	181765
1878.07.30_Times_0016	12911	1878.07.30_Times	181765
1878.07.30_WesternMail_0001	11464	1878.07.30_WesternMail	53614
1878.07.30_WesternMail_0002	11940	1878.07.30_WesternMail	53614
1878.07.30_WesternMail_0003	16813	1878.07.30_WesternMail	53614
1878.07.30_WesternMail_0004	13397	1878.07.30_WesternMail	53614
1878.07.31_AberdeenWeeklyJournal_0001	7690	1878.07.31_AberdeenWeeklyJournal	89482
1878.07.31_AberdeenWeeklyJournal_0002	6839	1878.07.31_AberdeenWeeklyJournal	89482
1878.07.31_AberdeenWeeklyJournal_0003	11848	1878.07.31_AberdeenWeeklyJournal	89482
1878.07.31_AberdeenWeeklyJournal_0004	11425	1878.07.31_AberdeenWeeklyJournal	89482
1878.07.31_AberdeenWeeklyJournal_0005	13712	1878.07.31_AberdeenWeeklyJournal	89482
1878.07.31_AberdeenWeeklyJournal_0006	14799	1878.07.31_AberdeenWeeklyJournal	89482
1878.07.31_AberdeenWeeklyJournal_0007	12640	1878.07.31_AberdeenWeeklyJournal	89482
1878.07.31_AberdeenWeeklyJournal_0008	10529	1878.07.31_AberdeenWeeklyJournal	89482
1878.07.31_BaneracAmserauCymru_0001	2558	1878.07.31_BaneracAmserauCymru	68551
1878.07.31_BaneracAmserauCymru_0002	4157	1878.07.31_BaneracAmserauCymru	68551
1878.07.31_BaneracAmserauCymru_0003	3308	1878.07.31_BaneracAmserauCymru	68551
1878.07.31_BaneracAmserauCymru_0004	4425	1878.07.31_BaneracAmserauCymru	68551
1878.07.31_BaneracAmserauCymru_0005	4949	1878.07.31_BaneracAmserauCymru	68551
1878.07.31_BaneracAmserauCymru_0006	5002	1878.07.31_BaneracAmserauCymru	68551
1878.07.31_BaneracAmserauCymru_0007	5080	1878.07.31_BaneracAmserauCymru	68551
1878.07.31_BaneracAmserauCymru_0008	4238	1878.07.31_BaneracAmserauCymru	68551
1878.07.31_BaneracAmserauCymru_0009	3916	1878.07.31_BaneracAmserauCymru	68551
1878.07.31_BaneracAmserauCymru_0010	4824	1878.07.31_BaneracAmserauCymru	68551
1878.07.31_BaneracAmserauCymru_0011	4751	1878.07.31_BaneracAmserauCymru	68551
1878.07.31_BaneracAmserauCymru_0012	4613	1878.07.31_BaneracAmserauCymru	68551
1878.07.31_BaneracAmserauCymru_0013	5589	1878.07.31_BaneracAmserauCymru	68551
1878.07.31_BaneracAmserauCymru_0014	5387	1878.07.31_BaneracAmserauCymru	68551
1878.07.31_BaneracAmserauCymru_0015	3331	1878.07.31_BaneracAmserauCymru	68551
1878.07.31_BaneracAmserauCymru_0016	2423	1878.07.31_BaneracAmserauCymru	68551
1878.07.31_DailyNews_0001	9145	1878.07.31_DailyNews	96232
1878.07.31_DailyNews_0002	15619	1878.07.31_DailyNews	96232
1878.07.31_DailyNews_0003	14768	1878.07.31_DailyNews	96232
1878.07.31_DailyNews_0004	11647	1878.07.31_DailyNews	96232
1878.07.31_DailyNews_0005	9842	1878.07.31_DailyNews	96232
1878.07.31_DailyNews_0006	14436	1878.07.31_DailyNews	96232
1878.07.31_DailyNews_0007	9210	1878.07.31_DailyNews	96232
1878.07.31_DailyNews_0008	11565	1878.07.31_DailyNews	96232
1878.07.31_Freeman'sJournalandDailyCommercialAdvertiser_0001	10696	1878.07.31_Freeman'sJournalandDailyCommercialAdvertiser	91558
1878.07.31_Freeman'sJournalandDailyCommercialAdvertiser_0002	13156	1878.07.31_Freeman'sJournalandDailyCommercialAdvertiser	91558
1878.07.31_Freeman'sJournalandDailyCommercialAdvertiser_0003	11803	1878.07.31_Freeman'sJournalandDailyCommercialAdvertiser	91558
1878.07.31_Freeman'sJournalandDailyCommercialAdvertiser_0004	8121	1878.07.31_Freeman'sJournalandDailyCommercialAdvertiser	91558
1878.07.31_Freeman'sJournalandDailyCommercialAdvertiser_0005	11110	1878.07.31_Freeman'sJournalandDailyCommercialAdvertiser	91558
1878.07.31_Freeman'sJournalandDailyCommercialAdvertiser_0006	13159	1878.07.31_Freeman'sJournalandDailyCommercialAdvertiser	91558
1878.07.31_Freeman'sJournalandDailyCommercialAdvertiser_0007	12952	1878.07.31_Freeman'sJournalandDailyCommercialAdvertiser	91558
1878.07.31_Freeman'sJournalandDailyCommercialAdvertiser_0008	10561	1878.07.31_Freeman'sJournalandDailyCommercialAdvertiser	91558
1878.07.31_GlasgowHerald_0001	13517	1878.07.31_GlasgowHerald	117053
1878.07.31_GlasgowHerald_0002	12608	1878.07.31_GlasgowHerald	117053
1878.07.31_GlasgowHerald_0003	14768	1878.07.31_GlasgowHerald	117053
1878.07.31_GlasgowHerald_0004	15021	1878.07.31_GlasgowHerald	117053
1878.07.31_GlasgowHerald_0005	18202	1878.07.31_GlasgowHerald	117053
1878.07.31_GlasgowHerald_0006	16782	1878.07.31_GlasgowHerald	117053
1878.07.31_GlasgowHerald_0007	14940	1878.07.31_GlasgowHerald	117053
1878.07.31_GlasgowHerald_0008	11215	1878.07.31_GlasgowHerald	117053
1878.07.31_HampshireTelegraphandSussexChronicleetc_0001	10433	1878.07.31_HampshireTelegraphandSussexChronicleetc	60234
1878.07.31_HampshireTelegraphandSussexChronicleetc_0002	14161	1878.07.31_HampshireTelegraphandSussexChronicleetc	60234
1878.07.31_HampshireTelegraphandSussexChronicleetc_0003	17918	1878.07.31_HampshireTelegraphandSussexChronicleetc	60234
1878.07.31_HampshireTelegraphandSussexChronicleetc_0004	17722	1878.07.31_HampshireTelegraphandSussexChronicleetc	60234
1878.07.31_LiverpoolMercuryetc_0001	12269	1878.07.31_LiverpoolMercuryetc	121745
1878.07.31_LiverpoolMercuryetc_0002	15542	1878.07.31_LiverpoolMercuryetc	121745
1878.07.31_LiverpoolMercuryetc_0003	15727	1878.07.31_LiverpoolMercuryetc	121745
1878.07.31_LiverpoolMercuryetc_0004	15935	1878.07.31_LiverpoolMercuryetc	121745
1878.07.31_LiverpoolMercuryetc_0005	16073	1878.07.31_LiverpoolMercuryetc	121745
1878.07.31_LiverpoolMercuryetc_0006	13889	1878.07.31_LiverpoolMercuryetc	121745
1878.07.31_LiverpoolMercuryetc_0007	16267	1878.07.31_LiverpoolMercuryetc	121745
1878.07.31_LiverpoolMercuryetc_0008	16043	1878.07.31_LiverpoolMercuryetc	121745
1878.07.31_NorthernEcho_0001	6623	1878.07.31_NorthernEcho	33573
1878.07.31_NorthernEcho_0002	8213	1878.07.31_NorthernEcho	33573
1878.07.31_NorthernEcho_0003	9062	1878.07.31_NorthernEcho	33573
1878.07.31_NorthernEcho_0004	9675	1878.07.31_NorthernEcho	33573
1878.07.31_TheDerbyMercury_0001	9889	1878.07.31_TheDerbyMercury	109836
1878.07.31_TheDerbyMercury_0002	17943	1878.07.31_TheDerbyMercury	109836
1878.07.31_TheDerbyMercury_0003	16847	1878.07.31_TheDerbyMercury	109836
1878.07.31_TheDerbyMercury_0004	6102	1878.07.31_TheDerbyMercury	109836
1878.07.31_TheDerbyMercury_0005	12438	1878.07.31_TheDerbyMercury	109836
1878.07.31_TheDerbyMercury_0006	16607	1878.07.31_TheDerbyMercury	109836
1878.07.31_TheDerbyMercury_0007	14418	1878.07.31_TheDerbyMercury	109836
1878.07.31_TheDerbyMercury_0008	15592	1878.07.31_TheDerbyMercury	109836
1878.07.31_TheLeedsMercury_0001	9926	1878.07.31_TheLeedsMercury	90654
1878.07.31_TheLeedsMercury_0002	11471	1878.07.31_TheLeedsMercury	90654
1878.07.31_TheLeedsMercury_0003	12105	1878.07.31_TheLeedsMercury	90654
1878.07.31_TheLeedsMercury_0004	9743	1878.07.31_TheLeedsMercury	90654
1878.07.31_TheLeedsMercury_0005	11094	1878.07.31_TheLeedsMercury	90654
1878.07.31_TheLeedsMercury_0006	13273	1878.07.31_TheLeedsMercury	90654
1878.07.31_TheLeedsMercury_0007	11507	1878.07.31_TheLeedsMercury	90654
1878.07.31_TheLeedsMercury_0008	11535	1878.07.31_TheLeedsMercury	90654
1878.07.31_ThePallMallGazette_0001	1580	1878.07.31_ThePallMallGazette	35147
1878.07.31_ThePallMallGazette_0002	1800	1878.07.31_ThePallMallGazette	35147
1878.07.31_ThePallMallGazette_0003	2150	1878.07.31_ThePallMallGazette	35147
1878.07.31_ThePallMallGazette_0004	2241	1878.07.31_ThePallMallGazette	35147
1878.07.31_ThePallMallGazette_0005	2565	1878.07.31_ThePallMallGazette	35147
1878.07.31_ThePallMallGazette_0006	2302	1878.07.31_ThePallMallGazette	35147
1878.07.31_ThePallMallGazette_0007	2825	1878.07.31_ThePallMallGazette	35147
1878.07.31_ThePallMallGazette_0008	2022	1878.07.31_ThePallMallGazette	35147
1878.07.31_ThePallMallGazette_0009	2890	1878.07.31_ThePallMallGazette	35147
1878.07.31_ThePallMallGazette_0010	2122	1878.07.31_ThePallMallGazette	35147
1878.07.31_ThePallMallGazette_0011	2125	1878.07.31_ThePallMallGazette	35147
1878.07.31_ThePallMallGazette_0012	2209	1878.07.31_ThePallMallGazette	35147
1878.07.31_ThePallMallGazette_0013	2280	1878.07.31_ThePallMallGazette	35147
1878.07.31_ThePallMallGazette_0014	2944	1878.07.31_ThePallMallGazette	35147
1878.07.31_ThePallMallGazette_0015	2145	1878.07.31_ThePallMallGazette	35147
1878.07.31_ThePallMallGazette_0016	947	1878.07.31_ThePallMallGazette	35147
1878.07.31_Times_0001	10991	1878.07.31_Times	177437
1878.07.31_Times_0002	11258	1878.07.31_Times	177437
1878.07.31_Times_0003	9815	1878.07.31_Times	177437
1878.07.31_Times_0004	13000	1878.07.31_Times	177437
1878.07.31_Times_0005	9832	1878.07.31_Times	177437
1878.07.31_Times_0006	38071	1878.07.31_Times	177437
1878.07.31_Times_0007	0	1878.07.31_Times	177437
1878.07.31_Times_0008	0	1878.07.31_Times	177437
1878.07.31_Times_0009	12040	1878.07.31_Times	177437
1878.07.31_Times_0010	7045	1878.07.31_Times	177437
1878.07.31_Times_0011	9283	1878.07.31_Times	177437
1878.07.31_Times_0012	10382	1878.07.31_Times	177437
1878.07.31_Times_0013	12595	1878.07.31_Times	177437
1878.07.31_Times_0014	9907	1878.07.31_Times	177437
1878.07.31_Times_0015	10833	1878.07.31_Times	177437
1878.07.31_Times_0016	12385	1878.07.31_Times	177437
1878.07.31_Trewman'sExeterFlyingPostorPlymouthandCornishAdvertiser_0001	8914	1878.07.31_Trewman'sExeterFlyingPostorPlymouthandCornishAdvertiser	87319
1878.07.31_Trewman'sExeterFlyingPostorPlymouthandCornishAdvertiser_0002	9496	1878.07.31_Trewman'sExeterFlyingPostorPlymouthandCornishAdvertiser	87319
1878.07.31_Trewman'sExeterFlyingPostorPlymouthandCornishAdvertiser_0003	12093	1878.07.31_Trewman'sExeterFlyingPostorPlymouthandCornishAdvertiser	87319
1878.07.31_Trewman'sExeterFlyingPostorPlymouthandCornishAdvertiser_0004	5961	1878.07.31_Trewman'sExeterFlyingPostorPlymouthandCornishAdvertiser	87319
1878.07.31_Trewman'sExeterFlyingPostorPlymouthandCornishAdvertiser_0005	12158	1878.07.31_Trewman'sExeterFlyingPostorPlymouthandCornishAdvertiser	87319
1878.07.31_Trewman'sExeterFlyingPostorPlymouthandCornishAdvertiser_0006	14566	1878.07.31_Trewman'sExeterFlyingPostorPlymouthandCornishAdvertiser	87319
1878.07.31_Trewman'sExeterFlyingPostorPlymouthandCornishAdvertiser_0007	12328	1878.07.31_Trewman'sExeterFlyingPostorPlymouthandCornishAdvertiser	87319
1878.07.31_Trewman'sExeterFlyingPostorPlymouthandCornishAdvertiser_0008	11803	1878.07.31_Trewman'sExeterFlyingPostorPlymouthandCornishAdvertiser	87319
1878.07.31_WesternMail_0001	13247	1878.07.31_WesternMail	63554
1878.07.31_WesternMail_0002	14214	1878.07.31_WesternMail	63554
1878.07.31_WesternMail_0003	19544	1878.07.31_WesternMail	63554
1878.07.31_WesternMail_0004	16549	1878.07.31_WesternMail	63554
